배정번호,건조로 온도 1 Zone_min,건조로 온도 1 Zone_max,건조로 온도 1 Zone_mean,건조로 온도 1 Zone_std,건조로 온도 2 Zone_min,건조로 온도 2 Zone_max,건조로 온도 2 Zone_mean,건조로 온도 2 Zone_std,세정기_min,세정기_max,세정기_mean,세정기_std,소입로 CP 값_min,소입로 CP 값_max,소입로 CP 값_mean,소입로 CP 값_std,소입로 온도 1 Zone_min,소입로 온도 1 Zone_max,소입로 온도 1 Zone_mean,소입로 온도 1 Zone_std,소입로 온도 2 Zone_min,소입로 온도 2 Zone_max,소입로 온도 2 Zone_mean,소입로 온도 2 Zone_std,소입로 온도 3 Zone_min,소입로 온도 3 Zone_max,소입로 온도 3 Zone_mean,소입로 온도 3 Zone_std,소입로 온도 4 Zone_min,소입로 온도 4 Zone_max,소입로 온도 4 Zone_mean,소입로 온도 4 Zone_std,솔트 컨베이어 온도 1 Zone_min,솔트 컨베이어 온도 1 Zone_max,솔트 컨베이어 온도 1 Zone_mean,솔트 컨베이어 온도 1 Zone_std,솔트 컨베이어 온도 2 Zone_min,솔트 컨베이어 온도 2 Zone_max,솔트 컨베이어 온도 2 Zone_mean,솔트 컨베이어 온도 2 Zone_std,솔트조 온도 1 Zone_min,솔트조 온도 1 Zone_max,솔트조 온도 1 Zone_mean,솔트조 온도 1 Zone_std,솔트조 온도 2 Zone_min,솔트조 온도 2 Zone_max,솔트조 온도 2 Zone_mean,솔트조 온도 2 Zone_std,양품수량,불량수량,총수량,불량률,불량단계,불량숫자단계,공정상태
102410,97.8385,101.755,99.94345982288827,0.5939714167347511,98.4388,101.247,100.06189551089918,0.48351777349656105,68.2865,71.3073,69.60255960909834,0.8454056009178691,0.430979,0.505652,0.45050500088531736,0.005896680846413614,847.607,870.536,859.4869017163874,3.574044787753585,858.883,861.258,860.0123646826477,0.40065587461239455,859.352,860.889,860.0097519411524,0.2816417282965605,858.474,862.014,860.0105920855469,0.5534626594099047,268.773,295.967,282.58130302411115,9.371744774386435,270.227,288.406,280.14901246424193,6.034271626987853,328.659,329.293,329.01594019888296,0.12274660006096935,328.805,329.3,329.0704664895791,0.11652614414438532,15160,3,15163,0.02,안정,1,1
102585,97.984,101.76,99.98743087074217,0.5154287060229595,98.5958,101.263,100.06503176554628,0.3561416234881782,67.6928,71.4901,69.59118309647342,1.064199529491109,0.4399145,0.4709,0.45019231382058805,0.0027780908343435517,850.938,871.084,859.3332682532522,3.0190488003969054,858.818,861.795,860.008571095571,0.40347326251214816,859.099,860.874,859.9897526881721,0.24106574244086937,858.161,861.513,859.9917650575231,0.4804989290682019,268.844,296.437,282.78815553801036,9.499564747198965,268.607,290.651,279.77231611399355,7.161542153728771,328.703,329.343,328.9986151966313,0.10121948005061375,328.689,329.121,328.92415102639296,0.0891184426063464,29892,10,29902,0.033,위험,0,1
102930,97.7743,101.999,99.99559190882134,0.4727361106275799,98.5116,101.501,100.02164195706978,0.3430748940860363,67.3211,71.3517,69.52949492254095,1.0979226416605523,0.404613,0.473188,0.4493430220146764,0.005879953410197444,850.017,869.805,859.6424025203854,2.82685899951024,858.688,861.587,859.987917886661,0.38444822861698535,859.134,861.064,859.9959805603944,0.2419398703284199,858.316,861.865,860.0074867689572,0.4184312046895851,268.714,297.002,283.33082767503055,9.680617643201115,268.493,289.902,279.3089582684753,6.665152266711243,328.714,329.443,329.13351098921464,0.12011247215483367,328.787,329.383,329.148655776287,0.11556878473724037,59616,30,59646,0.05,위험,0,1
103142,98.3127,101.818,100.00505564525933,0.3314029779733655,98.181,101.395,100.00967452432734,0.251791378065438,67.1142,71.3535,69.53697448702998,1.0642646463575762,0.38364,0.4736305,0.44975310384996553,0.003956900174900149,852.083,869.918,859.8548967568078,1.5416687957910509,859.21,860.839,859.9954735564801,0.2465885932891245,859.286,860.768,859.9969491001356,0.18858599991601102,858.555,861.752,860.0034810834095,0.2967536071138802,267.681,296.633,282.8823412461786,9.49549531720306,268.751,290.161,279.24105723043465,6.537642588299414,328.687,329.38,329.0818832224919,0.09766501057771741,328.623,329.267,329.07310335245415,0.100488987441921,74730,13,74743,0.017,안정,1,1
103675,97.7285,102.076,99.98350205853971,0.6553470093894974,98.4935,101.408,100.04370963332262,0.47074930839546303,67.8759,71.2009,69.32097713895142,0.9917054224221373,0.438666,0.463701,0.44998384729816665,0.0029627936338017997,849.637,872.031,859.8176676584111,3.6836206010969477,859.237,860.924,859.9566775490512,0.29559316759906473,859.317,861.067,860.0242146879023,0.31906617863328973,858.397,862.106,860.0072014961389,0.5712611624715522,266.23,295.982,283.58164787713093,9.70556189136503,270.369,287.75,277.54476865551624,5.36590074546593,328.791,329.261,329.01041780601577,0.08996109868080002,328.9,329.32,329.1140508283738,0.07885255465855551,14979,2,14981,0.013,안정,1,1
103719,98.4748,101.961,100.00262615638982,0.37179859218731054,98.6209,101.562,100.0157533453923,0.27680777957341224,66.8199,71.339,69.2402856990042,1.1274721638995286,0.367097,0.470967,0.4494859034736269,0.006815683691684489,852.565,870.315,859.3982749727711,2.296403864226715,858.798,860.984,859.9975867045277,0.3643130541567508,859.244,860.863,859.9964732174117,0.2351760081234211,858.272,861.878,859.9916820444998,0.39253087697845646,268.348,295.634,282.4901438129692,9.400859873161204,267.842,289.91,278.97197210984905,6.654553568390447,328.546,329.273,328.97656583809857,0.10027478125604754,328.812,329.387,329.1464943402832,0.08589733147808666,59671,3,59674,0.005,안정,1,1
104126,99.2698,102.02,100.04757968227425,0.3696806565049974,99.4547,101.533,100.06072600923639,0.28521969944705583,68.8893,70.7973,69.89815596385063,0.36794753058314145,0.0969111,0.465481,0.34109122942113224,0.14380724283869226,855.002,871.31,860.2589996815034,2.0435339690393066,859.348,861.624,860.0559504260572,0.39024076971261706,859.158,861.136,860.0501610527153,0.3171848120373715,858.318,861.572,860.0030102325211,0.3835267575366608,268.197,295.638,282.6421323060997,9.389187046501705,269.032,288.006,278.76431305248065,6.1760472664834385,328.161,329.272,328.8314109659951,0.29121991228284516,328.073,329.315,328.94564455768773,0.3755671666058515,29914,0,29914,0.0,안정,1,1
104388,97.8595,101.969,99.99792436102749,0.38371269481477477,98.7373,101.408,100.01539191647451,0.2647226561594864,60.6244,67.7261,66.08204015821163,1.443590691349913,0.418617,0.909111,0.45321047103878914,0.029674471602850517,850.381,871.001,859.245639565007,2.4918342483291593,858.075,861.385,860.002379803997,0.3835342267206557,858.608,860.852,860.0039104266752,0.2694217182777793,858.347,861.77,860.0027858849675,0.3140568213032741,268.663,296.396,283.0335816715062,9.326071182504437,268.617,289.893,279.29882403645547,6.378268157968105,328.704,329.659,329.14659753537165,0.1310857159715133,329.083,329.844,329.4706270951212,0.12221018452734767,104740,21,104761,0.02,안정,1,1
105072,98.3049,102.034,100.00030130276112,0.325894699585484,98.7725,101.333,99.99831805952415,0.21660340028076308,64.3598,66.5871,65.76444113669797,0.358651591416519,0.4337975,0.60676,0.45059851053807853,0.007301493172197602,851.431,870.49,859.5505701756867,2.04489069991143,858.927,861.185,860.003291404968,0.312095283085681,859.19,860.689,859.9945567783184,0.19007846042530813,858.145,861.688,859.994297928927,0.3103602334638188,268.469,295.81,282.4268881517526,9.2470896129261,268.71,289.475,279.0910520002263,6.291427899812868,328.775,329.6,329.1626999349253,0.11652795207166207,329.39,329.919,329.61137416188075,0.07923497613213228,89759,8,89767,0.009,안정,1,1
105815,97.9102,101.993,99.99882243249482,0.758475933543489,98.4797,101.576,100.0461818591224,0.598804510270723,64.2251,65.489,64.65512939072237,0.2982626021721193,0.418873,0.47004,0.4498073316797416,0.004553643536844043,849.813,863.392,858.7893880941394,2.8602080038801856,858.357,860.801,859.8995137413394,0.4432009119787512,859.328,860.56,859.9213361790494,0.2619107255841958,858.719,861.822,860.010626009693,0.4165875441585004,268.737,295.304,280.9212241578219,8.780205024813105,269.58,288.238,279.9445836602816,6.293456393513831,328.726,329.269,329.03725057790103,0.09399052636245524,329.307,329.648,329.4926875288684,0.0683794517170231,9020,3,9023,0.033,위험,0,1
106027,98.2288,101.661,99.99925810746174,0.3178367509834883,98.4265,101.317,100.01954457642431,0.21190820797697033,64.7783,67.5939,66.56087637117348,0.582533881359545,0.416441,0.502486,0.45002312790193005,0.003567255474908279,851.189,870.222,859.6157595594293,1.8268315190474171,859.001,861.0805,859.9968143650519,0.33676067022074296,858.997,860.662,859.9957800334813,0.24253996100183411,858.822,861.69,859.9965085572297,0.299133478478003,268.945,296.419,282.96792024075256,9.352528819622599,269.11,290.573,279.85770752285293,6.475871323875565,331.737,332.457,332.1446215056335,0.09246339547440849,332.072,332.749,332.52879398867896,0.0990620981934451,90088,9,90097,0.01,안정,1,1
106293,98.3456,101.45,100.00661524601524,0.38783848166553736,98.6647,101.195,99.99268008156086,0.2814030977818311,64.5949,67.5821,66.22099477162502,0.7549558741045619,0.434564,0.463185,0.45001187126259123,0.002590016594070816,851.964,871.419,859.5488887971006,2.4720045644503177,859.103,861.159,860.0043956401237,0.3288327180919609,859.254,860.995,859.9903709084124,0.22581480670281576,858.31,862.125,860.0013804029206,0.4020504732577538,267.289,295.687,283.12044800938014,9.426412534088398,269.46,288.711,279.1107769989339,6.065248267228488,331.893,332.493,332.18288738474655,0.09932218678809107,332.117,332.64,332.40729813432836,0.10740965804455785,44825,1,44826,0.002,안정,1,1
107402,98.2454,101.912,100.00663583527299,0.3387775833582028,98.5351,101.401,100.01057410753981,0.25229231423160686,64.3341,67.441,66.043070870274,0.6472308895244446,0.422714,0.466862,0.449920078458038,0.003176517454890136,851.348,871.3565000000001,859.6155036090697,1.9739776418246626,858.875,861.116,860.0029084632284,0.3813117808502729,859.174,860.939,860.0138013346933,0.25887212180568026,857.992,861.857,860.0031571294068,0.3356133787001993,268.689,296.198,282.88443565133247,9.418293364941736,268.619,290.108,279.1441208677686,6.665662912307547,331.822,332.591,332.1949029579454,0.09670706025654066,332.107,332.683,332.44899571096056,0.06888625316416232,89726,5,89731,0.006,안정,1,1
108503,98.0614,101.756,99.99722162764219,0.397989272006272,98.6671,101.384,99.9958707068957,0.2645025109520902,66.7017,69.4206,68.02967381689025,0.6865841002087738,0.432447,0.465954,0.4501316240037622,0.0027139045857077215,850.987,871.051,859.5848450943023,2.060538859385508,858.948,862.046,860.0112440225732,0.3740612596377789,859.143,860.689,860.0013198851541,0.2597498061177709,858.746,861.754,859.9984484307708,0.29924396295548067,268.828,296.683,283.04209868323346,9.453826818495786,268.784,290.001,279.3398174595317,6.292982487225137,331.87,332.458,332.18645069551013,0.08713965609842457,332.07,332.671,332.4037922008811,0.10177333889032973,89616,1,89617,0.001,안정,1,1
113479,97.8418,101.721,100.00630387401173,0.44009438737264095,98.5573,101.399,99.99541128283602,0.32177631435994636,64.4353,66.0398,65.28767684264218,0.3255826225498122,0.441181,0.465428,0.45014120412118735,0.0026642772635678165,847.969,872.573,859.2828153532262,2.8923264284427592,857.319,861.828,860.0013306550353,0.5029624628632543,858.664,861.074,859.9941765275936,0.32931202904429785,858.611,861.668,859.9957296235846,0.3412917851609436,268.628,296.006,282.94387673433994,9.41209065805622,268.306,289.356,279.24014985715746,6.197131524004653,331.645,332.276,331.9917598694277,0.10469652649866706,331.879,332.352,332.1917149270483,0.08107653857670619,44241,23,44264,0.052,위험,0,1
113977,97.5848,101.893,100.00109767863249,0.4932061045220423,98.4737,101.357,99.99718568986735,0.36579919665364835,64.0048,65.5933,64.86262277295413,0.3791697959890168,0.435968,0.469627,0.4504157989904514,0.003574127226096742,847.214,867.383,859.0516569338074,2.7443210826171613,857.913,861.672,859.9931799193218,0.46652452419800733,858.906,860.901,860.0057607506665,0.3198208568660441,858.913,861.448,860.0115972716084,0.3227851633870937,268.409,295.982,282.4055594871795,9.45291712096962,270.215,287.661,279.45186667350333,5.818676720531353,331.597,332.242,331.96931513639163,0.10100907746135111,331.801,332.38,332.12506283331055,0.10694239083579066,29972,16,29988,0.053,위험,0,1
114449,97.9698,101.895,99.97851972883713,0.7060916862803558,98.5375,101.378,100.00492631258692,0.5316051221665817,64.8863,66.617,65.68124368155745,0.46443054816852253,0.437234,0.463179,0.45045214470710937,0.0036713241576266185,848.61,871.063,858.9102592141863,4.0843356082274545,857.599,862.093,860.0140432023643,0.6945922888650863,858.684,860.929,860.0229666203061,0.4154370449147788,858.883,861.499,860.0098559631432,0.4789792189053328,269.005,296.607,282.64309890491916,9.487190469219989,270.432,288.623,278.56221914116827,6.186465380351048,331.698,332.133,331.93549973922114,0.08286939374506752,331.933,332.281,332.1140898661568,0.05877783946553928,11773,6,11779,0.051,위험,0,0
114453,98.7529,101.645,100.0126735170761,0.3572155568829384,99.2216,101.31,100.0224659676453,0.23421308880796707,64.3929,66.7217,65.84264931098186,0.4088378449964299,0.435235,0.479184,0.4502299630027211,0.003294235893689044,852.168,871.551,859.567333275083,2.1549693446899414,858.878,861.775,859.9949523928401,0.32714799912146636,859.16,860.613,859.999796909327,0.19383243048103865,858.892,861.62,859.9964424694809,0.2857481745170601,268.567,296.756,282.9193843743759,9.512083705509854,269.223,289.512,279.4618378935018,6.125629276886579,331.533,332.319,331.96245586289535,0.08802102699053785,331.703,332.438,332.1957691040268,0.1015221784011135,89618,38,89656,0.042,위험,0,1
114838,97.6224,102.269,99.99413698326249,0.4604726924791548,98.2965,101.563,99.99308605871414,0.3701852477486704,63.1405,66.474,65.15502089266737,0.7798104184426994,0.410689,0.469162,0.4494009953639745,0.005135409716072987,850.597,871.029,859.6877682252923,2.354420574772924,858.218,861.431,860.0082022051009,0.329969705402009,859.328,860.652,859.9963575451646,0.20276883631170037,858.158,861.868,860.0019833687567,0.37456853803174844,268.533,296.138,282.9341833156217,9.3729120657447,268.939,289.352,279.10320833444035,6.163525369585386,331.445,332.393,331.9143710812965,0.13266140217893224,331.427,332.664,332.1087692481403,0.2355749140847314,74537,46,74583,0.062,위험,0,1
116198,97.8979,102.026,99.99790315407472,0.48037130636841846,98.6351,101.348,100.00676380729699,0.338426199280442,65.7342,67.3261,66.55855485309165,0.3534226894815513,0.427852,0.464599,0.45009209552340596,0.0033130879701316947,850.985,871.239,859.4107248282917,2.7998660834150795,858.217,862.435,860.0047683782335,0.5100018648959487,858.936,861.032,859.9900736762629,0.3144039833346923,858.644,861.618,859.9918538023092,0.374300086752637,269.274,296.946,283.57901868180045,9.503072109614761,268.981,289.754,279.60780610902714,6.570524184484289,331.593,332.255,331.95307733339826,0.10897051939232207,331.957,332.487,332.2704360598237,0.09498380127498084,45426,14,45440,0.031,위험,0,1
116324,97.8969,101.508,100.00224530994824,0.3719394412642269,98.8226,100.963,100.00107104706261,0.24169371816309984,64.202,66.605,65.47435219561567,0.48168664757221225,0.423543,0.473562,0.44994354343492426,0.0028320201927323125,851.458,870.864,859.7347284123844,2.005442510899968,858.088,861.831,859.9890564577344,0.3370163271156307,859.069,861.341,859.9936322714204,0.2466832308270506,858.332,861.431,860.0005924021807,0.29151698385382285,268.891,297.332,283.831056379822,9.612291972932825,268.554,290.995,279.8057164347326,6.7685701195240275,331.563,332.295,331.91717227167817,0.10506286736377518,331.992,332.75,332.4448728866193,0.14785371382473392,90902,10,90912,0.011,안정,1,1
116413,98.1414,101.755,99.96515167633784,0.5777292268377326,98.4974,101.3235,100.0040551499033,0.44341495625097227,65.7213,66.8778,66.20082790135396,0.2481524369974714,0.439367,0.474863,0.4501997003546099,0.0030361071280741035,850.797,870.978,860.1332302048057,3.381551345456418,858.416,861.846,859.9790847840103,0.4793307104052786,859.36,860.891,860.0081559729164,0.2722649690541421,858.789,861.603,859.9703756046438,0.49584749574719533,269.137,297.299,282.78062455659466,9.64941813220045,270.309,288.78,280.0768429285599,6.055704285137373,331.64,332.25,331.9354872601194,0.09691719985635305,332.108,332.574,332.37254966940816,0.10639610955936445,13678,34,13712,0.248,위험,0,0
116694,98.1054,101.817,100.00045308800111,0.43044300185992085,98.3714,101.419,99.98101041334903,0.369885030161523,65.7,67.5919,66.65074839357429,0.4200105855541348,0.434224,0.467278,0.45022786744443677,0.003011174142475295,849.054,871.81,859.7583050266566,3.0563931073260475,858.446,861.269,860.0157802285319,0.4122590424687759,859.369,860.734,859.999657916609,0.21287069683255314,858.79,861.261,860.0011022506925,0.355021344402637,269.245,297.181,283.37124828636706,9.564608429213314,269.385,290.326,279.73458145814584,6.507007381550948,331.657,332.292,331.93122836172273,0.09328650985951159,332.235,332.683,332.4714183920781,0.0782176172125868,30019,6,30025,0.02,안정,1,0
116862,98.2296,102.307,99.99494791192794,0.42352074671835405,98.2153,101.656,100.01196808689718,0.37646272659524843,64.1159,66.8276,65.7395809685197,0.5656172924732183,0.431665,0.47112,0.45014571546194787,0.0030243903712892854,849.423,872.044,859.7906253923486,2.8648539129307826,857.948,862.036,860.0070660797961,0.5025367711057607,858.911,860.897,859.995320655141,0.3357448899819995,858.934,861.38,860.0012871474066,0.34739726424194495,268.95,297.17,283.7829253184713,9.61246443660662,268.996,290.318,279.5929590574106,6.623762727376677,331.347,332.19,331.848125187645,0.1274451204779102,331.817,332.787,332.44045948589627,0.22501251712346207,45471,10,45481,0.022,안정,1,1
117694,97.8472,101.754,100.00053958485721,0.33838718627736497,98.5903,101.325,100.00061290778758,0.24548539549422813,66.5857,68.3143,67.31675327944798,0.35642828096196777,0.4353615,0.465444,0.45005097429658164,0.0024742256202382705,849.109,872.325,859.4337939605988,2.2204246625559882,858.451,861.706,859.9992407709938,0.3683230751263354,859.173,860.913,860.0018359220696,0.24759839341433212,858.226,861.688,860.0022102330911,0.30897175407375566,269.374,297.403,283.87008595438954,9.558095501956585,269.139,290.877,279.8904969522602,6.602919245420477,331.444,332.145,331.8941721972985,0.08665816405888221,332.097,332.798,332.5162747866374,0.08912223511580426,89775,3,89778,0.003,안정,1,1
118005,98.3735,102.151,100.0263673943884,0.3816896451987052,99.2881,101.487,100.03559384482011,0.24569891698524218,65.1787,67.6462,66.77116994522599,0.43706184795485814,0.00509637,0.466436,0.4241447194818142,0.09594044388028067,848.837,870.078,859.5298996689786,2.4375508379333186,858.756,866.034,860.1842477440202,0.8856707154082817,859.133,870.119,860.3090968987666,1.3155789739193833,858.277,882.148,860.7151730503999,3.3884155454843543,269.111,297.175,283.5886449540923,9.68308400238113,268.75,290.918,279.84100987114317,6.909130484786812,331.21,332.154,331.85313370374746,0.1845679640676421,331.712,332.976,332.5954305643127,0.28245025796179196,59854,4,59858,0.007,안정,1,1
118664,98.9866,101.771,100.0355935235732,0.4465761420923322,99.4982,101.441,100.093497234827,0.30065156144584776,62.4645,66.4857,64.98726646933711,1.050016100072721,0.438499,0.459605,0.4500130937610776,0.0019558290624495677,849.511,871.205,859.4931769230769,2.81615747578234,857.286,862.259,860.0245238230289,0.583391235677067,858.969,861.257,860.0185133995037,0.34524437215950166,858.83,861.414,860.0183585761895,0.30020734799918464,268.589,296.619,283.89703243760636,9.542502160983469,269.222,290.226,279.6138607231478,6.489017477130087,331.563,332.327,331.9495826657214,0.11604020298574703,331.925,332.453,332.2535226176971,0.10371196227272424,29880,1,29881,0.003,안정,1,1
118674,98.441,100.945,99.99043997486119,0.30911951751872696,98.2491,100.696,99.97799936867989,0.26545364446088676,65.2703,67.6473,66.7197345770251,0.4865705502484921,0.439765,0.463183,0.45006738353269427,0.001873621585854472,852.343,865.771,859.3942658369479,1.7649041615398617,858.867,861.296,859.9983371691441,0.30897004338242695,859.208,860.612,860.0051934583828,0.1864974846404537,859.095,860.828,860.0012219536451,0.2241854421624657,268.386,296.923,283.18893553689327,9.667909636964204,268.649,290.476,279.47094970716614,6.593602996213443,331.715,332.314,332.01163632093716,0.0865817559374879,332.107,332.532,332.32313049063487,0.062263473678715854,75695,30,75725,0.04,위험,0,1
118961,97.9762,101.793,99.99032892005437,0.5321455080071987,98.6342,101.328,100.03340326207834,0.41409122000740567,66.9616,68.2704,67.72356398666172,0.250581463105755,0.444578,0.456299,0.45016497221193036,0.001378767520276278,847.302,872.085,859.3182876373966,3.8345049211972175,856.905,862.62,859.9934903656127,0.8036818059677977,858.354,861.272,859.9961538746755,0.435162398244822,858.791,861.891,859.996935376251,0.4014070560592393,269.191,297.065,284.2312871525633,9.682601533914834,269.27,290.386,279.86404866600793,6.960610794417015,331.857,332.334,332.08199209583796,0.08490030445405952,332.067,332.507,332.29955495862663,0.0679238427351636,18356,2,18358,0.011,안정,1,0
119202,98.4645,102.019,100.02292799190963,0.43026952143601327,98.2392,101.446,100.01625977331705,0.4362082259296832,66.723,68.2611,67.59506609296291,0.30221181875670033,0.441359,0.461047,0.4502647934284842,0.002201266614607279,851.061,870.86,859.3902096659288,2.8810339449058944,857.824,862.539,860.0143863150663,0.5849791466443305,858.875,861.091,860.0036765379332,0.3087306198227869,858.705,861.304,860.0018002976645,0.312830525392978,269.068,297.063,283.7625805220577,9.560041681317246,269.973,289.393,279.72355896046406,6.487853320343942,331.632,332.287,332.0331950083957,0.1044676494957393,331.843,332.477,332.22925267134787,0.13416672593838763,27498,8,27506,0.029,위험,0,1
119208,97.8522,101.742,99.9359313545466,0.6633187629358249,98.2127,101.302,99.93588540513338,0.5778253352880566,66.5274,67.8695,67.32824832033215,0.2799781902548696,0.441799,0.461952,0.4506561632499057,0.0025494705458513375,847.048,870.542,859.1317942508492,3.7633021038784893,857.088,862.538,860.0058905169161,0.8091185549910932,858.548,861.317,860.0048473776884,0.4439130833168256,858.63,861.403,859.9990779776128,0.4229488438151968,269.092,297.251,283.70635517544963,9.709069203416451,270.817,288.911,279.7680623192051,6.083780159751564,331.728,332.333,332.05659464218337,0.1047160329234668,331.954,332.366,332.1767853100239,0.0772706539723914,14924,7,14931,0.047,위험,0,0
119448,98.1059,101.432,100.0058367282169,0.41086383552920536,98.5708,101.167,100.01967696348984,0.3137692902295876,67.2108,68.9715,68.10148390338496,0.33344205397383603,0.442353,0.460924,0.4503411616576742,0.002098781549160379,848.842,870.171,859.1796684091356,2.7011607482264157,857.646,862.179,860.0045082693443,0.51778464457767,858.661,861.231,860.0012803826016,0.30971942316344264,858.815,861.399,860.0057934028711,0.2925197001123279,269.164,297.056,283.7126250857007,9.530679987206488,269.487,290.813,279.9010333476533,6.5695592148471444,331.659,332.302,331.98120440407786,0.0956275523078414,331.771,332.461,332.1654055169235,0.12087084449455483,74700,7,74707,0.009,안정,1,1
119662,97.3421,102.469,100.0391679802018,0.6499210329612076,98.2823,101.202,100.01024749349578,0.42955512214175434,68.0376,69.7698,69.21102220635827,0.2814345645673705,0.294889,0.462243,0.4105184056412209,0.06172018970735982,849.608,871.655,859.6157682276794,2.7062407117257403,858.089,862.464,860.0319459991117,0.5232506412484963,858.914,861.076,860.0000812551558,0.3183216248604954,858.428,861.02,860.0049403401879,0.3190409663427886,269.663,297.646,284.13944967316115,9.604488916571338,269.55,290.716,279.89830679149475,6.841652448996103,331.407,332.33,331.92303842980454,0.17092545240909962,331.158,332.455,332.0545337584872,0.37684366792218055,15286,7,15293,0.046,위험,0,1
120395,98.4405,101.68,100.00628426042984,0.5204864729509583,99.046,100.997,99.99528074944413,0.3320383033279983,65.4581,67.0821,66.29821207559509,0.3837067239568793,0.428592,0.477786,0.45053969284655626,0.004990949716514751,850.58,871.803,858.9843894798024,3.679164674218585,857.703,862.618,859.993208456844,0.7571179370960514,858.528,861.244,859.9768504402789,0.45267552226828245,858.227,861.065,859.997223027463,0.43527950726411446,269.097,297.109,283.7884387242081,9.693215542566438,269.698,290.378,280.0018573141487,6.245996654340942,331.544,332.311,331.9863473234525,0.10376068332414312,331.883,332.518,332.29374049258934,0.07829288757978416,45457,4,45461,0.009,안정,1,0
120492,98.2272,101.754,99.99034343684761,0.7580546752055123,98.1443,101.475,100.00336747357431,0.7515844445515453,65.7241,67.1706,66.51198683455114,0.3057232553495487,0.433865,0.47105,0.450311871868476,0.0038742588837732453,848.6,871.348,859.0739424507374,4.022555970188446,857.132,862.322,860.0118541693853,0.8272425988287935,858.521,861.393,860.0670048936447,0.5652877902183485,858.988,861.586,860.0083365309318,0.48302315003005547,269.245,297.011,283.66712356471817,9.594384425647785,269.345,290.003,279.2672573423835,7.112991168294523,331.614,332.308,331.93340745820274,0.12095113111546031,331.777,332.485,332.14821049197445,0.13376891107756636,14250,9,14259,0.063,위험,0,0
120867,98.9845,101.864,100.01088782970719,0.2984736249325443,99.1979,101.32,100.01983670441264,0.21743224133856176,65.7853,68.4028,67.2411989108416,0.5076375108934875,0.43121,0.4811,0.4502952258420409,0.0036671144487667893,852.421,869.935,859.4076865080409,2.0569182605022016,858.431,862.222,860.0045835310831,0.37781514175863345,858.912,860.96,860.0075794901476,0.23020249585269378,858.676,861.997,860.00210700286,0.30664701532559735,269.325,297.571,283.7535755351521,9.578881908028636,269.768,289.954,280.0830970552384,6.3373385358124805,331.677,332.423,332.0412201599537,0.10444557668130233,332.02,332.723,332.4264227065849,0.11996058267089262,87704,33,87737,0.038,위험,0,1
121210,98.2038,102.154,99.9981676247469,0.4772588838770177,98.0279,101.347,100.01157852701218,0.3421832993601943,65.5628,67.3899,66.53010279810186,0.3898089022587908,0.424417,0.4847125,0.4503317607895973,0.00459928889899388,849.968,869.285,858.9681742872282,2.6262536475472587,857.015,862.984,859.9971403422239,0.5855507724115315,858.288,861.563,860.0032602152926,0.3453279069415135,858.245,861.39,859.9994695956739,0.3669384546272527,269.297,297.594,283.83541030256276,9.607489905954896,269.275,291.107,279.81878977511803,6.23135070031518,331.547,332.369,331.97196880478737,0.11371511973636378,331.879,332.618,332.39099157630744,0.11485605880473436,89797,16,89813,0.018,안정,1,1
122221,98.0944,101.748,100.00260455089104,0.46921673760383326,98.0769,101.39,100.00114514304167,0.38379380603107216,64.1195,66.6615,65.47986422915919,0.5282587982469678,0.433237,0.471632,0.45015093584979105,0.003362683029639652,841.402,873.433,858.504692721824,4.744611417394338,856.798,861.919,860.0053204969502,0.7008500769773025,858.601,861.399,859.9963073362675,0.41395143261559514,858.762,861.316,859.999214401043,0.3200910798615891,269.086,297.016,283.6673140659814,9.55761288278262,269.578,290.275,279.76314876538567,6.38049630816723,331.559,332.378,331.9836024981661,0.1051974317363502,332.194,332.86,332.63889730476916,0.10730123949687675,90142,17,90159,0.019,안정,1,0
122371,97.9677,102.277,99.99928816023429,0.5397167503590553,98.3128,101.476,100.01137797455115,0.4564035144561498,62.5888,66.1925,64.62148386731279,0.7114305869299657,0.432194,0.474326,0.4501633565161815,0.0035197788460824735,843.738,875.055,858.6539128464353,4.564483592229335,857.343,862.308,859.9792269732254,0.690055945330022,858.677,861.601,859.9919858457678,0.4069345394833311,858.791,861.211,859.9890996746267,0.3199278627462628,268.976,296.822,283.41370219626987,9.449144958937794,268.685,289.908,279.63971451978387,6.451744541513322,331.267,332.35,331.881592424084,0.1446236538556356,331.954,332.926,332.53027671256757,0.1907145289307801,45502,15,45517,0.033,위험,0,0
122460,99.2092,99.6363,99.3702046728972,0.07860056296992508,98.7367,98.9902,98.86379462616823,0.046353543721992796,64.8939,65.1504,65.0102598130841,0.05661240156742418,0.446586,0.452363,0.4497114788732394,0.0013214390413037519,858.775,859.273,858.956891509434,0.11068662276171204,859.691,860.263,860.0429556074766,0.15905307863366014,859.997,860.433,860.2132417061612,0.11910608862516853,860.149,860.41,860.2575308056872,0.06822171661521038,282.083,287.104,284.64516113744077,1.4716428664225525,286.71,288.372,287.69310426540284,0.49079579308046584,331.849,332.103,331.99246948356813,0.04914740303147236,332.496,332.699,332.5867336448598,0.036955614651385194,11551,1,11552,0.009,안정,1,1
123527,97.861,101.981,99.99321414195292,0.3982299524735633,98.4148,101.501,100.01161664025116,0.27755222184005607,65.8542,67.7587,66.88724585845348,0.3726969057624728,0.425687,0.490574,0.45035634789788836,0.004447381443169573,846.699,874.783,858.2688059286868,3.804645527357119,857.498,862.122,859.982429632113,0.6099197410162472,858.765,860.95,859.998807879371,0.3600516901427403,858.908,861.086,859.9897013014721,0.3136521717698718,269.012,297.382,283.7742047710486,9.67724536400372,269.088,290.237,279.7188139687281,6.2931090869721995,331.677,332.499,332.0668086500656,0.12733107814943828,332.454,332.922,332.66743215276296,0.07530717099595101,74714,17,74731,0.023,안정,1,0
123689,98.5707,101.97,100.05684447590012,0.5440032909539927,98.2951,101.487,100.0444782820215,0.5174648077297686,67.5051,68.684,68.18077682022962,0.25630814884990727,0.432371,0.47779,0.45044909030197444,0.004788187651612337,840.924,873.686,857.8531243647452,7.174798219523379,856.966,862.098,860.0089353222996,0.914538011071342,858.987,861.3130000000001,859.9881949324815,0.4857728245622036,859.09,861.143,860.0122808189342,0.35298237612637245,269.175,296.417,283.94957658246227,9.428546268006722,270.45,288.239,279.98588073461093,5.998336064401073,331.544,332.3,331.97412347560976,0.1388592700131626,332.072,332.701,332.38425141776935,0.15951915880881548,14992,2,14994,0.013,안정,1,1
123708,98.1281,101.965,99.98654410601266,0.41258489272728927,97.8706,101.453,99.98091465585442,0.4015311701276107,66.8375,68.6431,67.82921621501336,0.3135606971727627,0.437249,0.465917,0.4503268248615507,0.0031919729566506276,848.942,873.119,858.400258504747,3.619257758511764,857.779,862.136,860.0098745240567,0.5332633282582963,858.657,861.045,860.0127517060627,0.3295388651173455,858.818,861.295,860.0161629660765,0.2714708762642406,269.086,297.233,283.93287616198575,9.523153480572338,268.764,290.865,280.0134823459598,6.403431081692187,331.646,332.444,332.03787995747206,0.11338388918794111,332.348,332.863,332.56576241099685,0.09787538242724562,44758,32,44790,0.071,위험,0,1
124128,98.8129,102.013,100.01737916041529,0.4284982690208647,99.088,101.526,100.03460001200335,0.3071412855828227,67.6633,69.685,68.8968173328532,0.36332923675942774,0.4310135,0.473526,0.4506524264882381,0.004349014256085689,841.294,873.725,857.615427203985,4.872307029537082,856.773,862.189,859.9774678629299,0.7232833850516331,859.005,861.729,859.9864370161436,0.4005380671385061,859.111,861.107,859.9916363199904,0.2948251389679948,269.164,297.331,284.2419685830883,9.642520303322328,270.033,288.561,279.4930190853439,5.717085983641079,331.502,332.458,332.00799327852127,0.1456731357539057,332.207,332.846,332.5669281041829,0.12653062226898917,37826,14,37840,0.037,위험,0,1
124532,98.2506,101.779,99.98919616810946,0.3893513251238991,98.0407,101.364,100.00689563937469,0.38012697959132624,65.347,67.6239,66.68475444294602,0.5083837674918984,0.435232,0.468488,0.45016250466646635,0.003082730325913645,849.973,865.639,858.2027185966591,2.7913692823403378,858.232,861.424,859.9580791242496,0.48591923483802474,859.12,860.965,859.9967889024232,0.31707770788191875,859.006,860.981,859.9956107630733,0.2751971807833791,269.121,296.931,283.72751523904816,9.586024666818691,266.426,290.64,279.6439700060901,6.7239673866550795,331.488,332.313,331.96905546854606,0.11751637713708349,332.048,332.857,332.5990597755155,0.15843603880793933,45497,9,45506,0.02,안정,1,1
124585,97.8707,101.976,100.01650762228331,0.5420061383069527,98.4538,101.53,100.03324338399295,0.39384594891632424,66.1524,67.8105,66.981586063278,0.30155612578081903,0.434007,0.46292,0.4500942709802904,0.003018744259291281,842.772,874.642,858.7548829113924,5.016620701478496,856.802,862.149,860.0037963991075,0.7366814026980973,858.28,861.362,859.9974339470954,0.4466622218975914,858.735,861.305,859.996238831526,0.33355166787014895,269.386,297.447,283.5377096732365,9.497503497592973,269.325,290.72,279.8913954302609,6.716645272946685,331.573,332.391,331.99551707051313,0.10970316351286584,332.295,332.939,332.68203354259623,0.1322237226432573,44336,1,44337,0.002,안정,1,0
124809,98.9061,100.786,99.99967529495976,0.265945231644396,98.2552,100.564,99.9887681867562,0.2629025453804525,65.4118,67.3456,66.36349408453486,0.36804898625833904,0.440524,0.461519,0.45009118568889767,0.0024049513765423284,851.574,865.197,858.7955940168831,2.2715185969982543,858.765,861.216,859.9930729413506,0.36904237981989346,859.18,860.753,859.9954179789702,0.24824493506810538,859.194,860.708,859.9954981734709,0.2125469289356883,269.143,297.319,283.51866856733807,9.575197902044978,270.309,289.171,280.3611941797897,6.151334692648754,331.753,332.299,332.0364097619988,0.0881341557954735,332.502,333.114,332.79479784712623,0.10871918987946642,45430,6,45436,0.013,안정,1,1
124852,97.9985,101.598,100.01285434137738,0.46717967516629316,98.5048,101.345,100.03250532119657,0.31419018962760614,65.9599,67.379,66.68940281808706,0.2818292486040129,0.437771,0.461892,0.4502441134450413,0.0027791603849066037,843.133,874.015,858.4369413887107,5.079348639935583,856.628,862.24,860.0076166519682,0.779099658325983,858.46,861.462,860.0152308370751,0.4518119503986,858.954,861.625,860.0118331462477,0.3563600456008845,269.459,298.054,284.7314415537561,9.698591689602184,270.028,291.251,279.82666435445066,6.654271865852301,331.821,332.35,332.07915337128196,0.07410104540081752,332.44,332.975,332.7459383869157,0.08556320875498996,29348,3,29351,0.01,안정,1,0
124960,99.2579,101.783,100.0719363472143,0.3679879233189749,99.1798,101.291,100.0974525382641,0.2917879990250118,64.5851,66.3241,65.51248653864435,0.3487730450352883,0.290589,0.459655,0.4293213347751687,0.04884049686506708,853.671,874.976,860.232668884875,3.801886452382693,859.114,861.921,860.0404582144895,0.4297022999655814,858.99,860.654,860.0004083087746,0.2653472755315842,858.98,860.542,860.0066183097254,0.2117948971015242,268.686,297.869,284.16602129682445,9.847683958843254,268.344,289.27,279.5872351207454,6.607278918061565,331.288,332.268,331.9432358338087,0.18912209156869417,331.767,332.914,332.5030994961019,0.3594310644411227,23418,5,23423,0.021,안정,1,1
125355,98.4508,101.211,99.99280483537845,0.4779233152190466,98.1667,100.852,100.02799459295261,0.5278560381911213,65.4737,67.2431,66.32975662738427,0.4066324739649507,0.438165,0.462832,0.4502741110436156,0.0036249335575761453,846.895,869.821,858.3676790400972,4.381869056373269,857.667,861.513,859.9619499939239,0.6675773438237288,858.666,861.089,859.9853158342447,0.3920711675899562,859.053,861.189,859.9795985299478,0.3561703922424229,269.438,297.459,283.5227271291459,9.68846733253507,269.088,290.367,279.7709162313206,7.045806727648419,331.696,332.631,332.06012780950067,0.1329688287614056,332.068,332.629,332.3824270263702,0.10601825404485961,14734,6,14740,0.041,위험,0,0
125379,98.1708,101.718,100.00816480939098,0.40179072368838026,97.9144,101.541,100.01085604718736,0.40028317324963336,65.1386,67.9033,66.82979967224547,0.4792984233087395,0.430061,0.468921,0.45014568530485116,0.0033447964589278342,844.399,873.974,859.0729910160154,4.0822020414875215,857.541,861.985,860.004278584877,0.5448769799326428,859.071,861.27,860.0028718881476,0.3258808782835719,858.899,861.12,860.0049584040352,0.2748760709224629,269.454,297.704,284.2656993909951,9.598593916762955,268.974,291.677,280.1353119944212,6.606400316344518,331.727,332.576,332.13098587898935,0.1211419738489837,331.854,332.704,332.37456370144815,0.17296502867086824,89490,58,89548,0.065,위험,0,0
125637,98.1653,102.299,100.02658343576928,0.5433946712837388,97.8799,101.278,99.95905477509118,0.5242084383538433,65.5031,67.5504,66.57177279818993,0.48075116934606243,0.4196,0.470873,0.4499622168039984,0.004054831400018709,845.529,875.986,859.5237890382277,4.942657051211525,856.642,862.646,860.0015095569364,0.8002449366214287,858.839,862.116,859.9993123733622,0.4590130599203748,858.986,861.94,860.0043299000405,0.3311261797260227,269.376,297.52,283.55130089153045,9.577287495579581,269.755,289.986,280.23252971768204,6.705214469099726,331.723,332.469,332.16201793191954,0.12015036284543389,331.796,332.628,332.3547039375929,0.18908485288673316,29926,6,29932,0.02,안정,1,0
125919,98.1306,102.193,100.00466142173006,0.471404979605894,97.9723,101.413,100.010582080951,0.41839247574204735,65.5737,67.7713,66.6962897034343,0.39499163052886643,0.429029,0.476387,0.4502269251580727,0.0035350767268970333,844.315,874.636,859.1681820527668,4.1737941676484756,857.391,862.159,859.9977763290269,0.6212560614128223,858.752,861.48,859.9982860935143,0.3684869750089965,858.989,861.264,859.9954236809726,0.28640981996522014,269.317,297.455,283.6796144966346,9.596336308566292,269.255,291.418,280.10699801874506,6.893161481277722,331.591,332.513,332.1239220646064,0.123878208414356,331.957,332.72,332.4750435168096,0.1443231038675479,59671,48,59719,0.08,위험,0,0
126069,98.5964,101.923,100.03144697251362,0.48128267017191245,98.3146,101.477,100.01468429719142,0.5032166532049727,65.8515,67.7306,66.73457366044751,0.44315641104706033,0.437456,0.46972,0.4501026365597823,0.0028819093697459433,845.08,875.437,859.0182664010624,4.62728428814815,857.522,862.029,860.0144943891102,0.6155784902024636,859.236,861.203,860.028709434338,0.36994427201602276,858.892,861.057,860.0160832946019,0.2711333291114318,269.25,297.555,284.45917789802155,9.560147747405985,268.639,289.997,280.4517223291946,6.830904884509853,331.626,332.48,332.11648668923857,0.14605800088229093,332.012,332.63,332.3608318172764,0.11883897477361467,29953,22,29975,0.073,위험,0,1
126407,97.9946,101.766,99.99245075785275,0.48417717810767674,97.8846,101.384,99.9810082084095,0.49333688192836317,65.724,68.2935,67.24982597307628,0.5921023164629043,0.434515,0.470939,0.45022047351393274,0.003194294725133308,846.35,875.019,859.0028028253282,3.6299628922210574,857.129,862.172,860.0018144694855,0.5717965586621409,858.48,861.44,860.0013268847229,0.3502022169981864,858.731,861.504,860.0048488947981,0.3240111235276269,269.444,297.883,284.6094109523018,9.707984521989598,269.458,291.604,279.99142358318096,6.972146772275874,331.554,332.53,332.0838711897084,0.1413082600036911,332.031,332.734,332.46602482128014,0.14628147277253292,59667,36,59703,0.06,위험,0,1
126519,99.3718,100.9,100.00499578038928,0.24610128368761217,99.6713,101.246,100.05829362053768,0.23857340101990235,65.9995,68.0951,67.25055734170707,0.4814053213328143,0.427905,0.481505,0.4502591281580493,0.004570869463660897,852.266,867.719,858.6761891941527,2.7213187463800113,858.919,861.028,859.9772148733015,0.4175911241943496,859.073,860.723,859.9860498714653,0.26999382397996324,859.057,861.225,859.9863201116498,0.27959607838830164,269.554,297.54,284.3228665540541,9.509166103656352,269.123,291.018,280.574094718672,6.972421441676239,331.787,332.441,332.0926668135742,0.10584519547026712,332.444,332.86,332.64838078448656,0.0841965098276192,30285,14,30299,0.046,위험,0,1
126569,99.2491,101.927,100.02394280613395,0.32588488872952315,99.5944,101.424,100.03499074867517,0.22986243725648273,66.9958,69.6721,68.58815198631939,0.5340475314851119,0.40546,0.479453,0.44917016576464835,0.0075133907443513115,850.453,873.369,859.0724494248985,3.225232164970056,858.373,862.08,860.0007265005449,0.4261151658475706,859.117,861.056,860.0013259406834,0.2669491106436704,859.163,860.919,860.0053184757679,0.25790760789121475,269.792,297.798,284.5423310782877,9.624663820951723,269.727,290.639,280.2222155635735,6.725009201320919,331.536,332.483,332.11985868380503,0.12025300254853614,331.635,332.838,332.5229635980746,0.2596257691832901,59310,20,59330,0.034,위험,0,1
126806,98.6906,101.789,100.00460209271387,0.35022430944064137,98.661,101.298,100.00871861185018,0.30074260141107834,67.9916,70.5223,69.53276385847319,0.5132099467382266,0.380097,0.479829,0.44875194793798606,0.008883682256711043,847.599,872.749,859.4675669805046,3.1641042335141285,858.172,861.632,860.0225556948424,0.39854720843795766,859.28,860.845,860.0050994678675,0.24202541476803177,859.293,861.296,860.0150449754401,0.2480755821244443,269.939,298.072,284.01923841076547,9.574673523339504,270.439,289.873,280.6001025378633,6.362044544022614,331.706,332.611,332.06828474212034,0.12712547904808896,332.128,332.939,332.54075411891114,0.12869168920592372,44828,49,44877,0.109,위험,0,1
127519,99.1828,102.417,100.07903434670116,0.5076015062584944,98.369,101.656,100.0461952593455,0.4806756420741384,65.0773,67.543,66.88070612390068,0.5281814974924909,0.431881,0.470746,0.45045653003750646,0.004620703941248346,847.436,874.785,859.0113755230577,6.151549945336105,857.894,862.009,859.9572568878541,0.8363247137059927,858.721,861.122,859.9899719166559,0.5078770840737292,858.875,861.123,859.9880715425073,0.4239715308282426,269.075,297.101,283.6645728142783,9.613142274110567,270.034,288.872,279.7667210580779,6.237001280341773,331.387,332.186,331.8103288282462,0.15103025160421715,331.82,332.641,332.26898511904767,0.20775797876094954,14965,5,14970,0.033,위험,0,0
127525,98.2351,101.702,100.00461798117495,0.4483916867135895,98.0357,101.381,100.00816752407226,0.38624135914491414,65.4526,67.9485,66.81181786438752,0.5042049599956068,0.431041,0.471344,0.4504531000727784,0.004408506045052553,843.917,873.236,858.7300028851442,3.927916373388286,857.354,862.1,860.0017557202359,0.5947849382165218,858.901,861.252,859.9924523493987,0.3521478466931123,858.801,861.245,859.9928945814673,0.32544063106531834,268.991,296.905,283.68451098068914,9.540584710098639,270.564,288.957,279.7058993427814,6.085889011007189,331.251,332.248,331.8306667658355,0.11508494770241645,331.865,332.996,332.5039233876057,0.15266736101666878,75760,34,75794,0.045,위험,0,1
127639,98.0705,101.454,99.92687601885865,0.6744720113127468,98.1358,101.135,99.86909784107034,0.6439336141737907,66.2318,68.4449,67.49483047821435,0.7503714927793053,0.438294,0.463445,0.45054705235782233,0.004365559272372334,844.303,869.278,856.5435041208791,4.726944288086608,857.628,862.136,859.9697784861364,0.9478887973954706,858.57,861.117,860.0507725799919,0.5369395051844311,858.74,861.356,860.0161735196814,0.4715215328150274,269.293,296.917,283.0989147271133,9.319449011970152,270.292,288.691,279.71179643580393,6.340325542982768,331.455,331.989,331.75997400729335,0.09836649287738627,332.117,332.57,332.3714956486541,0.09918421191259652,10313,6,10319,0.058,위험,0,0
128008,98.1891,102.112,100.00338077944154,0.45764134929228656,97.8866,101.372,99.99916220744741,0.40370017215359266,65.8994,68.0912,67.01681841896023,0.4324978684535637,0.424217,0.479157,0.45048390322027476,0.004317077350485073,843.214,873.498,858.7592754872965,4.251724498929201,856.968,862.329,859.9946390635553,0.6542634144164383,858.714,861.593,859.9972637342804,0.38402248212665946,858.316,861.841,859.9946994527248,0.3525867499531694,269.033,297.436,283.9578377078849,9.586586253657925,269.27,290.717,279.7940613898804,6.4815675110940205,331.366,332.117,331.7727633830151,0.1268655878483005,332.08,332.774,332.49007511586206,0.1223164358358386,89635,27,89662,0.03,위험,0,1
128388,98.0959,101.831,99.99635585918294,0.4752484480223897,98.1472,101.536,100.0065561364013,0.44722324550093157,66.6679,69.2246,68.02273954984071,0.5666103226690822,0.436274,0.468897,0.4503751418064299,0.0034827756808783195,842.983,874.8625,858.8517029087594,4.660912179221086,857.041,862.546,860.0038878072456,0.7211638216776246,858.32,861.475,860.0062870337118,0.39905251104501566,858.582,861.328,860.0055318309899,0.35093259823179607,269.368,298.019,284.20007046917294,9.702692716581856,268.892,291.662,280.2985462405392,6.696160032756672,331.478,332.221,331.85714862841513,0.11149243567705307,332.077,332.845,332.56491959229896,0.15872217695393542,74519,34,74553,0.046,위험,0,1
128795,97.7735,101.819,99.97381338742393,0.6386084450286038,98.1732,101.376,100.00770041298362,0.45699503196349867,65.2014,66.9057,66.16860679414748,0.40334292930926047,0.428065,0.485686,0.4500532945820657,0.005534328336850225,847.903,875.023,859.5362425756917,5.232954192456654,857.399,862.467,860.0006945934194,0.8108235566554023,858.602,861.239,860.0039708103399,0.46513557587127863,858.997,861.189,859.9959449275361,0.36098255698319676,269.387,297.789,283.82767821423397,9.82201100129438,269.152,291.633,280.1789518325366,7.234540050018888,331.639,332.171,331.8867876086956,0.08838225395130854,332.309,332.814,332.6048893638603,0.10074369673502549,14870,55,14925,0.369,위험,0,0
128800,98.383,102.151,100.04012109358496,0.5465124177308929,98.6272,101.529,100.05547846728182,0.43486960269372693,64.4368,67.3237,66.19986910915493,0.5225786935856231,0.424964,0.489656,0.4501552046686853,0.006115276699579604,843.421,874.496,858.7038946553059,5.99914208210342,857.231,862.642,860.0057924794029,0.8739939598341963,858.837,861.515,860.0093984226463,0.4743940477239157,858.743,861.07,860.0066700704225,0.42253694552613436,269.058,297.652,284.7604558833885,9.714674732707067,270.017,290.662,280.062419407084,6.829306792502876,331.378,332.108,331.8272908597986,0.10560403283159357,332.16,332.827,332.55231304133514,0.11799461005379354,29748,66,29814,0.221,위험,0,0
129121,98.3399,101.883,100.0206390825888,0.7109676664981349,98.6627,101.266,99.96644592681334,0.5651232280359235,65.348,66.8667,65.98478494553378,0.4401112143466102,0.443015,0.457626,0.4500739426050969,0.0024483478327554315,854.85,864.993,859.1246649967327,1.8882647893670557,858.295,860.975,860.0570128568316,0.4245728779008493,859.403,861.068,860.1026712791457,0.34743140434710307,859.426,861.417,860.0465782305513,0.2802966635124192,269.133,297.146,283.5634876906318,10.159656855690434,269.185,291.0,281.79951601656137,7.134121597695239,331.492,331.98,331.7389778818915,0.1101866708913475,332.334,332.818,332.55366946199086,0.11183160256845,8412,2,8414,0.024,안정,1,0
129889,98.4529,101.851,100.01359925528745,0.46375401315520187,98.4633,101.39,100.0119227025618,0.3544431866493118,68.0101,71.1415,69.80059706626955,0.8384850945344448,0.437632,0.470198,0.45016081813104986,0.0031617798267137578,849.831,875.538,859.5247515264334,4.030633753944422,857.521,862.473,860.0387805123241,0.6423142806978416,858.883,861.143,860.0215750297884,0.35965987188195797,859.02,860.936,860.0229547587131,0.2619638619420733,269.621,297.279,284.06207398168146,9.531631656254607,270.431,289.753,280.23701396336014,6.239654122591387,331.389,332.174,331.87515773011614,0.09812289399398796,332.14,332.712,332.4902444891272,0.1400154354884622,29700,19,29719,0.064,위험,0,1
130178,98.1382,101.885,100.00091580323553,0.5390006166255281,98.1713,101.421,100.02892879268337,0.5460167330813356,68.4411,70.2268,69.33826291698018,0.3859743664837813,0.437374,0.475061,0.4501373545927674,0.003657603281554173,842.035,873.736,858.9267934913469,5.508436276430672,856.377,862.451,860.0172911545857,0.79292512291501,858.87,861.224,860.0113905003763,0.4036654912640411,858.848,861.1,860.0151433139847,0.3276556482838191,269.984,298.465,284.8162671338099,9.683542702437228,270.034,290.782,280.39565163656886,6.75840459265817,331.414,332.277,331.950362020316,0.15069267100712194,332.011,332.679,332.3771640581891,0.15745486039107354,32107,13,32120,0.04,위험,0,1
130220,99.1501,102.019,100.0363561612936,0.3753524372091634,99.029,101.385,100.03966346933605,0.26599670883316195,66.6364,68.7333,67.89357517487835,0.3937034943552252,0.433308,0.474208,0.45021165651292444,0.003976031582654497,852.006,874.956,859.7781013684745,3.211031384595888,858.842,862.329,860.0199821844907,0.4445379251832462,858.809,860.968,859.9823599847947,0.2753043895239264,858.854,860.692,859.9955383854774,0.21815633420385214,269.571,297.946,284.3969591717776,9.659693629354754,269.284,291.696,280.54691528904664,6.958923841078173,331.041,332.214,331.88213457541195,0.2261050617787044,331.642,332.914,332.5271350228079,0.3404833890621602,45254,7,45261,0.015,안정,1,1
130332,98.7704,102.027,99.99141536677547,0.39276801915114473,98.9659,101.426,100.03805537133285,0.2947203090158665,63.7301,69.2103,67.77169618149803,1.239056889205843,0.432869,0.466137,0.45017133603059456,0.0034628223345509446,844.512,875.342,858.8482932700567,4.049876910467001,857.354,862.384,860.0106862437726,0.6076556918451778,859.05,861.063,860.0024496484101,0.3419476106887791,858.906,860.778,859.9933910195844,0.26637179243467657,269.947,297.943,284.76874020786806,9.488074330822615,270.244,289.963,280.1325773468482,6.597092050207674,331.27,332.1,331.8065402259353,0.1310829793463622,332.012,332.635,332.3736138482024,0.09220497229338712,45333,3,45336,0.007,안정,1,1
130425,97.8726,101.879,99.9831867303054,0.41577255831899645,98.2481,101.488,99.98107890477436,0.3926235306547117,63.4699,68.9404,66.05921845087613,1.5950450817362212,0.436156,0.470797,0.4501292130880772,0.0029889226751900737,848.636,874.83,859.755420393456,3.2578252950267594,857.576,862.465,859.9918092435997,0.5338882797754011,858.574,861.132,859.9984717112719,0.3209442643447264,858.863,861.137,860.0044933310087,0.2410310414163295,269.775,298.117,284.5184892627786,9.576169512458288,270.559,289.898,280.18100675616773,6.306495989971681,330.948,332.199,331.61743729114,0.2324429516143883,331.257,332.71,331.90839313631477,0.46341286742612525,29765,2,29767,0.007,안정,1,1
130868,97.6166,101.859,99.99404180474126,0.45200526789047135,98.284,101.414,100.04569036451696,0.3737950796789256,64.891,69.2219,67.46980522559265,1.1085776041271183,0.430977,0.482531,0.45027431846451876,0.0040803683227562376,846.18,874.742,859.192671620106,3.6670337914216455,857.161,862.208,860.009261101198,0.5745478156477519,858.607,861.246,860.00300476676,0.32703991692189704,858.701,861.457,860.0008811429445,0.28918621896560265,269.647,298.134,284.18278047412696,9.672666523247015,269.376,291.516,280.7072268046493,6.7434818036299475,331.792,332.392,332.1059863879684,0.09340348475731167,332.463,333.092,332.7559844251848,0.12089043520067679,44636,12,44648,0.027,안정,1,1
131033,98.6872,101.925,100.04944530773216,0.38192004396925217,98.5668,101.358,99.96899994242617,0.35371268769013353,62.3061,67.5705,64.88888080776096,1.8821135295937625,0.441586,0.460372,0.45004901206171916,0.00220848418334452,852.048,874.76,860.262596925557,2.8299216745329807,858.75,862.435,860.0073364902988,0.4344451596763353,858.879,861.001,859.9903636860893,0.2598514204808362,858.934,860.603,860.0116923187654,0.19627305442733556,269.292,296.799,283.3468922093626,9.445059487819409,268.487,288.665,278.2213493119134,6.400251411252544,331.09,332.15,331.6080245580699,0.2084169621847808,331.449,332.686,331.9381878562791,0.33392194893784527,15015,3,15018,0.02,안정,1,1
131164,99.0878,102.313,100.00858519956174,0.33022382245395493,98.8398,101.434,100.03636495632846,0.2561454594661448,62.2395,67.1507,65.81123030364688,0.9137798754880979,0.439598,0.462488,0.4501376947148745,0.0022231234524834956,843.134,874.558,859.1629791673188,3.47779352055932,857.034,862.338,859.9978835028957,0.5165328858161962,858.827,861.225,860.0030837872526,0.26942315966326347,858.85,860.992,860.0001684040822,0.20831969480135976,268.964,296.865,283.6755360631104,9.469524774522464,268.157,288.875,279.1846615846977,6.471767913085809,331.406,332.187,331.9430375176084,0.09950535333306007,332.332,332.979,332.7647466270152,0.10631906164309497,75310,15,75325,0.02,안정,1,1
131328,97.9256,101.634,99.99574235487493,0.3739376696738316,98.4388,101.318,99.97062737842282,0.370073033541351,62.0932,68.2688,65.27899697923348,2.02721877144308,0.43796,0.475895,0.4501706994066709,0.0027237691441871496,847.771,873.776,859.6171701551787,2.9326690038692274,857.643,862.021,859.9989108402822,0.4384692005091446,859.096,861.263,860.0014584469212,0.26288901680251914,858.837,861.17,860.0014181734355,0.22746685048509982,269.251,297.373,284.0425414545163,9.55398297617335,268.923,289.099,279.47027725213485,6.416599062980148,331.077,332.27,331.7843434894163,0.2768361824607125,331.688,332.958,332.3601828970052,0.4311567918291616,30392,7,30399,0.023,안정,1,1
131424,98.047,101.89,100.00823932356609,0.48302041072217117,98.2448,101.524,99.97147242051122,0.4079249646351894,64.4236,67.6846,66.55758591801745,0.8230978094336016,0.441946,0.464922,0.45027470421602245,0.0023769016115916656,843.843,874.918,858.6965710333541,4.886189093461703,856.581,862.109,860.0075980361596,0.7672548619841371,858.629,861.392,860.0058618298006,0.40863654607548344,859.157,861.304,859.9940098581671,0.2941287205155866,269.223,296.952,283.82330381078555,9.499317913028586,268.764,288.963,279.40780381078554,6.616100089175145,331.621,332.203,331.95727661315465,0.0996202985056312,332.393,333.047,332.74406413653367,0.13586211609909088,29822,19,29841,0.064,위험,0,0
131711,98.0827,101.973,99.9925991005603,0.5743377129014008,97.9235,101.45,99.97981053310723,0.5229101916357645,65.9121,67.4995,66.80420775525249,0.3683653122688178,0.436128,0.459863,0.4502420332104681,0.002091622001031658,841.297,875.825,859.09049406561,5.743124024921574,855.929,861.97,860.0014098717193,0.881916585066183,858.468,861.671,860.0056860619469,0.47446252422281504,858.956,861.251,860.0009584900096,0.3210433649507384,268.923,297.332,284.0017055809496,9.455047185651894,270.602,289.419,280.46739262017104,6.290531215014203,331.639,332.254,331.99557958566794,0.10620051274773483,332.257,333.09,332.7525632234756,0.15859902100725787,29972,22,29994,0.073,위험,0,0
131758,99.4398,101.96,100.15865591302136,0.5371454995306479,99.4283,101.503,100.07581862919635,0.5128650644559366,64.9,67.1877,66.54527647507629,0.47455933218690327,0.251496,0.455604,0.3583977871312309,0.08561711556507705,859.528,860.455,860.0173397811147,0.09453328839678561,859.603,860.643,860.038177480916,0.16719340562180526,859.583,860.776,860.0558515267176,0.21831566796071283,859.785,860.433,860.0297693384224,0.10025430397675761,269.713,297.938,285.6016051895192,9.335125010471433,270.717,288.829,281.4012119786368,5.994988328377429,331.397,331.912,331.66818578331635,0.08583789739187767,331.857,332.35,332.08442243133265,0.10199532157135231,15006,9,15015,0.06,위험,0,1
131938,98.206,101.771,100.00922661667522,0.42548475544755676,98.6954,101.366,100.02269659464679,0.28188776892983936,64.2332,69.0701,67.8298478153289,0.8226773803153445,0.426206,0.472868,0.45014831825588414,0.004297268079799331,849.398,871.828,858.7287355532756,3.171780490230539,858.102,862.085,860.0107284097768,0.472222879230687,858.912,861.016,860.010119334299,0.3100692794086576,858.726,861.172,860.010275152393,0.31089993497508295,269.333,297.563,283.64007669211503,9.424662938361006,270.819,289.086,280.03950991249246,6.011513149858001,331.625,332.338,332.04954550392273,0.09739645647032838,332.314,333.179,332.8045084042489,0.1178607971244064,75092,17,75109,0.023,안정,1,1
132161,98.1436,101.983,100.00011678173128,0.41043346937906905,98.36,101.409,100.01052686895505,0.2867619471860037,66.3366,68.7205,67.72060809688188,0.4957033161616843,0.433382,0.468168,0.45014326090144763,0.002743002330731592,848.258,874.36,858.8838970906195,3.424830012224783,857.596,862.188,859.9954297906236,0.48897766626083733,858.836,861.102,859.9947589228143,0.30197773052832355,858.738,861.157,859.9898317655984,0.3028069282069718,269.436,297.68,284.23400510165374,9.576671652942009,269.666,291.333,280.2029551868007,6.73261846128503,331.665,332.36,332.0612644894553,0.11321232371074422,332.474,333.001,332.79658977811494,0.07542471033389367,60147,38,60185,0.063,위험,0,1
132414,98.2515,102.275,100.00625389559097,0.5237844274984297,98.4918,101.412,100.01810231597845,0.3695984973585289,66.393,68.5209,67.4465146237254,0.5241067167321876,0.430409,0.477034,0.4503579731815897,0.004997826334678833,846.801,874.562,859.1113652617217,4.560642207817181,856.999,862.062,859.9863207438788,0.6848798486050608,858.963,861.436,859.9884910592459,0.40979350467106623,858.521,861.289,859.9930504774898,0.3798159805150494,269.529,297.694,283.62089182882175,9.801428932669252,270.253,289.786,280.23366811490126,6.372912278847542,331.503,332.26,331.98448301859696,0.12705040445880203,332.357,333.008,332.75409127468583,0.12406764205038644,30116,5,30121,0.017,안정,1,1
132694,98.5946,101.137,100.01514780002772,0.39832748839584414,98.569,100.594,100.00264612000278,0.28612221440467106,66.6378,68.6533,67.76758676205654,0.4459229936248723,0.429107,0.475415,0.45028892908612206,0.004750179969342477,850.244,865.964,858.2796233631261,2.9920688637014883,858.086,861.902,859.9724688539357,0.5593209744997847,858.769,861.282,859.9948362086885,0.390222964089703,859.006,861.193,859.9872652092572,0.3463888701592894,269.623,297.57,284.91057760532146,9.53602985474684,270.717,289.335,279.80814651468955,6.230860399122179,331.735,332.191,331.9974112450634,0.07267618621161073,332.516,332.959,332.75117138996677,0.06724124575264724,30353,4,30357,0.013,안정,1,1
132857,99.0323,101.801,100.02765349620212,0.35715307745042785,98.1613,101.402,100.03451907288692,0.341756703529145,67.1791,69.4566,68.41848370144912,0.5154295891150782,0.432664,0.486733,0.450333328628634,0.0037872504954715334,844.498,875.426,858.8587475079476,4.263385972422689,857.792,862.065,859.9991182190379,0.535748191837871,859.066,861.205,859.995836017885,0.3001754861378301,858.749,861.205,859.9951647632387,0.3113570185370252,269.76,298.096,284.6954579001239,9.72266160588668,270.196,289.621,280.31375526585146,6.4328458800212,331.591,332.271,332.004611081183,0.11500568479106597,332.317,332.979,332.7338066314712,0.12291654268483088,40000,7,40007,0.017,안정,1,1
133605,97.9011,101.581,99.98938037186947,0.41585487396817356,98.2931,101.364,100.02251954717936,0.3403511732329097,67.1188,69.2045,68.14478141411587,0.4987436668829425,0.436004,0.462539,0.45007587654945613,0.0026978209318910366,847.517,875.351,859.1186508474576,3.6411640067392166,857.48,862.312,859.9827012395649,0.565313127805409,858.771,861.108,859.990363192512,0.33203248271009267,858.617,861.635,859.9801622059196,0.33314738741737265,269.844,298.095,284.21584007083226,9.668038258975661,271.099,289.382,280.476145256767,6.104218628011531,331.804,332.317,332.09443862888946,0.07327530599993552,332.571,333.066,332.8405148494814,0.08558803522436474,45475,8,45483,0.018,안정,1,1
133691,97.7727,102.159,99.99546018513607,0.4953821714587363,98.1214,101.437,100.0145712099512,0.36267806808491254,67.7428,69.7038,68.72722876923078,0.4513074951714091,0.43204,0.48139,0.4501344593411839,0.003917812613487076,844.715,873.515,858.7147856726076,3.9963621007424526,857.129,862.36,859.9976842468297,0.6045107815566201,858.792,860.999,859.9941571254245,0.34013655633064555,858.934,861.273,860.0021122075441,0.33284254396271,270.081,298.056,284.74512545753544,9.581887613445538,269.898,291.268,280.26311276460285,6.905917350478709,331.592,332.519,332.0421512843647,0.1778410512069334,332.252,333.134,332.69289017080416,0.16608058374306608,45006,11,45017,0.024,안정,1,1
133924,98.1789,101.778,99.99711464354527,0.4486690986764419,98.3009,101.378,100.03950800135395,0.3309788736789452,67.591,70.4812,69.1668950424413,0.6296963089495539,0.413962,0.472246,0.44990716328177893,0.004753468890925304,840.298,874.149,859.5226862990157,4.321070517608692,856.436,863.618,860.0074025933449,0.7444828077106174,858.57,861.996,859.9817989116284,0.41901897061094573,858.201,861.274,859.9868558298182,0.37083286765547785,269.974,297.78,284.7577959693798,9.483224692242969,270.097,290.194,280.4071848765754,6.601719967104822,330.428,332.442,331.7968845492892,0.48633431846631764,331.398,333.112,332.5591692183513,0.3944526493872597,45148,17,45165,0.038,위험,0,1
134379,98.176,101.954,100.01191709194686,0.4873425461341185,97.914,101.532,100.00680720658066,0.4810683189906177,67.1474,69.6122,68.52258839439861,0.4872442106063557,0.433718,0.475701,0.45025897841933626,0.003785126060824203,846.248,876.852,860.2564866887323,5.337135388112066,857.47,862.325,860.0391355745252,0.6792177713789291,858.873,861.242,859.9900136197966,0.3799239829556738,858.763,860.944,859.9978083749041,0.3170018751524139,269.623,298.136,285.1870487266798,9.565149463212661,269.047,291.468,280.81757872146557,7.242344363033626,331.264,332.529,332.07099335731414,0.22589153392513378,331.892,333.179,332.681916650681,0.2316114277036169,45262,5,45267,0.011,안정,1,1
134495,97.8235,102.107,99.99696313644861,0.5036352777573144,98.1673,101.422,100.00201219803795,0.43014778872345094,67.119,70.6613,68.76060573616171,0.7071415854167421,0.403867,0.477278,0.44996172792891254,0.004907776775623726,841.727,875.576,858.7517778497843,5.314214231378778,856.83,862.494,860.0129734168042,0.7470516452498043,858.436,861.533,860.0047939898097,0.4185983869685859,858.567,861.854,860.0068789837283,0.37839951394098426,269.69,298.242,284.69953943904346,9.601817761613113,269.827,289.634,280.22415206945874,6.2813404657568315,331.445,332.614,332.0050039969008,0.16379840420505934,332.081,333.155,332.69345281458806,0.2055259312671091,97885,53,97938,0.054,위험,0,1
135027,98.0401,101.592,100.02514857055961,0.5832114328990169,98.9146,100.977,99.9947752964427,0.33536301336458146,68.1859,70.1268,69.28732135361216,0.44190247961198303,0.430504,0.469115,0.44991138864396474,0.004348837637833933,849.13,875.056,859.0478680449985,4.433823242708481,857.524,862.725,860.0223633323199,0.8353834175582402,858.351,861.127,860.0278406050471,0.4716852695186751,858.46,861.434,860.0094857859532,0.4433489620799901,269.8455,298.352,286.43824505928853,9.628960118815328,270.961,289.888,280.2011197354417,6.5610318930652145,331.9135,332.64,332.2805611888112,0.13662591670731908,332.284,332.79,332.54481073274553,0.07908280367897125,15038,9,15047,0.06,위험,0,1
135029,98.9968,100.992,99.99691128801146,0.23749356324192447,99.5351,100.453,100.01896443356422,0.140649444516123,68.6928,71.1229,70.01237556917688,0.6016025386171486,0.427117,0.463763,0.44998809584461075,0.00289238178229301,852.608,864.376,859.46781738888,1.6423294889427087,858.962,860.752,859.9828343416654,0.27290976094928177,859.364,860.47,859.9765449008837,0.21655749642458522,859.419,860.568,859.9795264289127,0.16076768532470803,270.036,297.935,283.9198139877398,9.477704507845145,270.735,290.21,280.7158960671921,6.6067610069406815,332.031,332.636,332.267965570769,0.09554384049496155,332.472,332.983,332.70609232422964,0.07799415265488922,30301,4,30305,0.013,안정,1,1
135125,98.2851,102.11,100.0044317519827,0.6100574298998918,98.315,101.503,100.0446479845688,0.49192456368233445,68.4223,71.0954,69.76997859254453,0.7481786696884217,0.41868,0.499671,0.44997142198990625,0.0069135377594335915,846.165,875.304,858.8174595832131,5.746139876965842,857.66,862.048,859.9915158615717,0.760764176542431,858.959,861.187,859.9904100937274,0.4436134272515878,858.637,861.408,859.9898684836686,0.4243619154746658,270.262,298.407,285.0746830112489,9.544809350043055,270.228,290.396,280.62828163986444,6.679289488231332,331.832,332.653,332.16402629680397,0.13597850279577994,332.043,332.763,332.39738534227797,0.1971442907500467,30104,24,30128,0.08,위험,0,1
135556,97.6031,102.198,99.96678725013881,0.7442609667502375,98.3617,101.371,99.9825789890293,0.5128316357335706,69.0053,70.4741,69.77327127290394,0.26681808666848134,0.409185,0.489575,0.4498723706274292,0.007485487035071166,845.709,874.737,858.4961548396055,5.899550130216681,857.319,862.65,859.9728813159356,0.9412165324095143,858.74,861.497,860.0130841199334,0.5338358083526625,858.438,861.665,860.0036860335971,0.5352957783857939,269.924,297.823,283.69209213998056,9.550797867235147,270.26,290.34,280.4673698791835,6.874552391773029,331.738,332.381,332.08335161021654,0.12053717973909138,332.13,332.84,332.48250576148826,0.17359286641519564,15047,5,15052,0.033,위험,0,1
135615,98.2445,101.825,100.00064661243321,0.41768664686718326,98.8832,101.257,100.0032145167557,0.28657292757987174,69.0493,70.6547,69.98802985915493,0.30771876868924153,0.410522,0.488324,0.4501610902379796,0.005144445540847148,850.135,874.993,858.9841953618261,3.5473251936392933,857.949,862.194,859.9905394123361,0.54813288167198,858.752,861.058,859.991063890238,0.331950615334013,858.267,861.832,859.9894925206411,0.4014916701986062,269.941,298.299,284.3495134045653,9.591641241888173,270.014,290.985,280.61491619311283,6.869370306071792,331.611,332.502,332.14967763477415,0.1410794266921057,332.253,332.893,332.61840046138906,0.1077010980950204,45427,0,45427,0.0,안정,1,1
135704,98.692,101.945,100.03890275040109,0.39544960841138693,99.2567,101.351,100.07260032085563,0.294986619937125,67.7413,71.1552,69.88317380843263,0.7222414899470221,0.431495,0.481481,0.4502654021921784,0.004635363685542977,846.609,875.852,859.2899423267894,4.638748049951392,857.654,862.442,859.990465276186,0.6364309937158699,859.139,861.426,859.9956090610436,0.3736477717889659,858.873,860.767,859.9990224946532,0.28645255755160653,270.146,298.398,285.46979527919945,9.310461213077327,269.796,290.462,280.93429811291924,6.818093504352764,331.724,332.594,332.11844885017956,0.12758656647824027,332.296,332.995,332.6882524064171,0.12533467217050664,32229,2,32231,0.006,안정,1,1
136014,98.1508,101.775,100.00123536061996,0.5177270880988708,98.2773,101.307,99.99752823160114,0.4340427580729859,68.5407,71.3577,69.82764292861172,0.5462879090892768,0.432405,0.47946,0.45023861123917897,0.0035781908317276414,845.268,875.035,859.1970694018686,3.683659808914563,857.347,862.602,859.998516028916,0.6110424081087336,858.497,861.523,860.0050896093385,0.38032031718938036,858.448,861.347,860.0042732262416,0.35141985317085417,270.052,298.338,284.85372276037964,9.638048543251553,269.731,290.684,280.39983460651837,6.754996681385852,331.666,332.554,332.1118239285218,0.13265045224061608,332.052,332.983,332.52054378939107,0.15274867307607662,90301,7,90308,0.008,안정,1,1
136603,98.9861,101.743,100.01285640996286,0.36647590309806355,99.1375,101.019,100.00860043707567,0.21373427651141144,67.4312,70.76,69.37547571303689,0.7261497597657512,0.430187,0.480307,0.45035436226421094,0.0044345412409889755,848.034,872.534,859.0086029858865,3.187314109552526,858.335,862.051,859.9936498241933,0.5184711622313839,858.824,861.111,860.0015974532316,0.3089682321217922,858.815,861.173,859.9952387813975,0.30925592796965656,269.961,298.243,284.58902779882277,9.57913871866805,270.192,290.848,280.7015456015618,6.858111200903473,331.504,332.419,332.05369275598815,0.1494430383951475,332.056,332.904,332.57989374380793,0.16433058912940868,74943,2,74945,0.003,안정,1,1
137850,98.2545,101.681,99.99775644441557,0.3424135506512441,98.6277,101.301,100.03789050909879,0.29366264592543645,65.0952,69.9734,68.53851879603154,1.1080050033989155,0.43636,0.468745,0.4501459378736678,0.00304474724397364,844.238,873.209,858.7520157265401,3.8728573360786185,856.995,862.168,860.01503327268,0.5609431967320136,858.6,861.33,860.0079293388787,0.3369452970350615,858.789,861.36,860.0096945022095,0.2802635571675165,269.902,298.158,285.0236033705918,9.498042666278037,269.978,290.683,280.8194076336539,6.908875466324469,331.592,332.372,332.06799514773417,0.11540525724789728,332.269,333.005,332.70700108309507,0.11986517408015884,54226,12,54238,0.022,안정,1,1
137996,98.396,101.736,99.99914280361862,0.4352369141540043,98.2463,101.21,100.0011232921878,0.4014383545710326,66.4315,69.2384,67.86496492320408,0.5663350972571265,0.433193,0.467429,0.4501935729422898,0.0037546543044165636,844.303,873.19,859.0383353906101,3.5447017743662506,856.97,862.076,859.9737616536846,0.5714978296115125,858.707,861.373,859.990552938383,0.3512325729306225,858.545,861.116,859.9905509060192,0.3041681429742626,269.859,298.459,284.6996588404511,9.601850173101354,269.182,290.887,280.4119357782228,6.940008547957685,331.59,332.594,332.11126551132185,0.1522532064270393,332.275,333.156,332.71247392027027,0.15302563329416155,75630,14,75644,0.019,안정,1,1
138084,97.8548,102.232,100.00149103233412,0.7045564856098055,98.6263,101.457,100.0079873315364,0.4967728378426763,67.9764,69.5586,68.76802448223606,0.3397105775109146,0.427746,0.472036,0.4502211972554302,0.004391085622048294,845.045,874.95,860.8439858562048,7.440577265203418,856.699,862.43,860.0506066015494,1.0168886570973799,858.488,861.487,859.9897480626686,0.5657017224950045,858.71,861.339,859.9668875042101,0.4752589957015931,270.126,297.583,283.6941703990571,9.423060333517029,270.252,290.165,279.1918736522911,6.733785734211947,331.698,332.343,332.07651532244483,0.1204910888544497,332.397,332.842,332.666380643531,0.08993823930310016,14533,3,14536,0.021,안정,1,1
138123,97.8318,102.192,99.9930452273937,0.5546928302530898,98.4503,101.397,99.99092766938631,0.4728480436031734,66.8141,69.6301,68.27700898959442,0.5877154980044775,0.425524,0.48162,0.4500626806491664,0.005163331751554141,845.841,875.433,859.2003067234344,5.618828462398308,856.891,862.388,859.9969331164991,0.7921259802729312,858.732,861.488,859.992655167317,0.44673673149560844,858.485,861.455,860.0021238396499,0.4272312050797127,270.061,298.037,284.98677805368334,9.52154063348673,269.979,290.117,280.38753814085504,6.639775521699354,331.545,332.717,332.0325589331125,0.20202027543133189,332.051,333.059,332.52090644589,0.1597427817246237,35676,10,35686,0.028,안정,1,1
138774,98.2664,101.72,100.01253557088674,0.41908322021919986,98.6499,101.268,100.01981371452858,0.2704418207232769,68.5891,71.1316,69.99483235419119,0.5115894519041251,0.436153,0.467055,0.4501332463220871,0.0032007333079845266,841.449,871.69,858.3697254478881,4.019781029010485,857.028,861.521,859.9957271315549,0.593505082873457,858.77,861.301,859.994302618674,0.3644643250800677,859.075,861.502,859.9961670589774,0.2990747500944784,269.839,297.973,284.6614283542566,9.383656424408954,269.387,290.542,280.47042753694257,6.923095581373276,331.621,332.403,332.0541131816398,0.11090292229680485,332.215,332.876,332.5830635052962,0.10033277653566954,68681,71,68752,0.103,위험,0,1
138938,97.7037,101.832,99.97339849714788,0.5324371697221393,98.0935,101.317,99.96160917001828,0.4790807998838655,68.6952,69.9798,69.47156674954296,0.29125679091557044,0.43364,0.469517,0.45021853308957954,0.00337759859757886,841.374,876.18,858.5573008118189,6.572030441254692,856.857,862.251,860.0031361608775,0.8565428289422464,858.521,861.574,860.0292974475244,0.46478786705076985,858.787,861.523,860.0144058363198,0.37696008238170314,269.915,297.206,284.3800914210488,9.229576905479972,269.483,290.043,280.1885207693433,6.86706242580044,331.466,332.292,331.97380008045053,0.1690808442796167,332.129,332.824,332.52056457982883,0.13566720472729654,30081,6,30087,0.02,안정,1,0
139116,98.1344,101.921,100.02671101184183,0.44610555165475285,98.0741,101.294,100.01510547488986,0.38447290882603474,67.8668,70.6566,69.55031921151881,0.5866730626688208,0.196253,0.491581,0.43017536840528636,0.06317204668707573,850.827,873.54,859.882320980475,3.347703747039787,858.272,862.012,860.0176398414096,0.46270237552930227,858.687,860.902,860.0084840346797,0.29342222366106585,858.699,861.185,860.0030998907336,0.32032733323864,270.065,298.53,284.7763575154185,9.731038939991851,269.841,291.125,280.6495284933921,7.025378328262458,331.349,332.58,332.19506369628823,0.2458106914347153,331.469,332.543,332.1916797356828,0.21289210544380102,60112,7,60119,0.012,안정,1,1
139330,98.6838,101.844,100.0420164704542,0.4125297613133864,99.3366,101.307,100.07999218821205,0.30015766291985035,64.866,69.3668,67.86563852726721,1.0344589245336815,0.421437,0.479763,0.4499813188136108,0.004916119017280251,844.019,874.103,859.1586648944251,4.593531571417406,857.404,862.41,860.0126701109255,0.6218181039173182,859.059,861.423,859.9998216998329,0.35842573863633337,858.634,861.033,859.9998961404042,0.2913106732808864,270.196,297.87,284.6273110900114,9.582335312173138,269.664,290.59,280.3199566654007,7.006383886306859,331.677,332.685,332.1487780141305,0.18296089218335893,331.721,332.725,332.2133183786658,0.20170986458117296,29921,5,29926,0.017,안정,1,1
139417,99.1579,101.725,100.10303115390143,0.4756133106004284,98.6674,101.424,100.15868727194369,0.4047897100260875,66.8712,68.9465,67.96260237855705,0.557529526990926,0.428592,0.48597,0.45063016312311444,0.007186848386729706,853.849,874.237,860.8724832638989,4.038332248470607,858.931,862.618,860.0542507546356,0.5815836446881626,859.009,860.861,859.9905741272805,0.3227515719422959,858.685,860.641,860.017863433908,0.3137988002142769,270.249,297.479,283.78896767241383,9.586119092365571,269.537,290.445,279.25461334578364,6.727890293793841,331.42,332.604,331.977522348376,0.3137616911713918,331.259,332.6,331.89862377803337,0.4095535858380615,15055,2,15057,0.013,안정,1,1
139507,97.904,101.849,99.98645713405067,0.5352705551554005,98.2042,101.32,100.01242323039848,0.5043241642615385,64.806,69.0904,67.42240321116341,1.0202897308333148,0.430457,0.469454,0.45011914960210714,0.004357260867598597,842.625,870.626,858.484191633042,4.500568844593788,856.823,861.791,859.97345976013,0.6641015993521714,858.92,861.361,859.9956169085916,0.3453640559003633,859.008,861.414,859.9859959370096,0.3136419100084539,269.153,297.518,284.31772789172834,9.489626549202288,268.292,290.369,279.88181876260927,6.990592041188557,331.85,332.563,332.2364748374804,0.11983865573211129,331.851,332.556,332.24264064338956,0.13668856706175792,37499,3,37502,0.008,안정,1,1
140314,97.6423,102.122,100.00273457471265,0.5202090404093145,98.08,101.457,99.99406121290146,0.4937029968178531,66.6017,69.1816,68.0413813954023,0.5250572254304156,0.386209,0.479443,0.45023585266533345,0.005053516047304925,844.007,876.446,858.9079617612579,4.599399561454552,857.048,862.535,859.9967044388763,0.6809017035652931,858.775,861.288,860.00339606225,0.37847814796194373,858.409,861.673,859.9984868514815,0.3725600197744595,269.625,296.972,283.76170718111393,9.279275085169722,268.235,290.236,279.62770235851224,6.869421355345236,331.628,332.547,332.1562612063813,0.15106140555975178,331.67,332.522,332.18753737759187,0.13416561718561,90517,4,90521,0.004,안정,1,1
140548,97.9138,101.875,99.99489368244143,0.4279921817140704,97.8973,101.241,99.99403965935564,0.40323535245347947,67.4417,70.5235,69.10095385945398,0.6080427503863398,0.428747,0.479039,0.4501908104050932,0.003962684942663524,844.52,874.815,858.6139263938933,3.6986973780551233,857.107,862.619,859.998367973303,0.6118132403547232,858.614,861.506,859.9986864435471,0.3517235754231957,858.552,861.243,860.0012220951321,0.30432271988248727,270.003,297.879,284.7415477111697,9.274619436036916,269.391,290.621,280.3642155207855,6.865095749904936,331.626,332.536,332.1584524677774,0.13660503775459035,331.728,332.812,332.2914561265205,0.184324671641749,90374,81,90455,0.09,위험,0,1
140920,97.8738,102.084,100.00544431416242,0.5087257742936351,98.0603,101.448,100.00023283106961,0.4413853864783087,67.2447,69.745,68.61032238522213,0.5275706483112048,0.423732,0.482995,0.450142896123373,0.004541577739585439,844.424,875.75,859.0809471561969,4.406315576607109,856.778,862.477,860.0019995107056,0.6544264249969584,858.946,861.444,859.99962580474,0.3627935762535698,858.772,861.146,860.0063704725522,0.3281014795246515,270.047,297.557,284.75841398438973,9.25333928707431,269.638,290.149,280.1794396222411,6.784386722109698,331.65,332.623,332.15326079548134,0.14345623709572122,331.797,332.745,332.31573968060275,0.18844664677828304,60170,120,60290,0.199,위험,0,1
141145,97.7727,102.179,99.99725512645716,0.6247044894690276,98.009,101.422,99.98817478017858,0.5341448167232566,68.4237,70.134,69.2216505725581,0.4165713230420901,0.433068,0.473033,0.4502252667666303,0.003948777147613477,846.468,874.817,859.0378946148603,4.877161557305805,857.595,862.633,859.9821376525118,0.7862065993675962,858.623,861.209,859.9868916081532,0.4600672807232437,858.492,861.323,859.9816549890949,0.43919366652947317,270.138,297.356,283.82199447890395,9.320285572758806,268.947,290.185,279.78260269256987,6.876575576804924,331.554,332.485,332.07511619742314,0.14899269969735646,331.752,332.682,332.3177065239621,0.19705483620853392,30057,52,30109,0.173,위험,0,1
141554,98.5605,101.367,100.0077089927949,0.306413655836892,98.8526,100.954,100.00090628335393,0.2087896459652768,67.8251,69.5423,68.78041236923819,0.3882000603088296,0.433973,0.477732,0.45013453171444934,0.003216858568753189,847.832,872.961,858.8235653451915,3.093776322029968,856.76,861.698,859.9996259383196,0.5148152685838374,858.772,861.177,860.0011952006271,0.3122965620388187,858.732,861.187,859.9981792228151,0.2962519656197435,269.948,297.267,284.4967417171626,9.247212330312244,269.85,289.882,280.25028048596664,6.786763072894746,331.606,332.453,332.07778547526453,0.12570953965846388,332.295,333.127,332.63973128636457,0.13510561100553234,75829,66,75895,0.087,위험,0,1
141893,98.6797,101.825,100.00104844132251,0.3379402983423752,98.6142,101.327,99.99579090391649,0.27853868233752704,68.2046,70.6344,69.59261815550443,0.4963564812264689,0.429568,0.476596,0.4501145113352872,0.00346635743643878,845.845,874.356,859.224577824876,3.1000452824449294,857.801,861.681,859.9929374591256,0.4043241333792443,859.16,861.06,860.0045709804776,0.23520130273778397,858.94,861.389,860.0019054181704,0.22053031061716877,268.928,297.842,284.77890558771526,9.344661272261652,268.569,290.515,280.4319785394211,6.8730571525504915,331.685,332.42,332.1037514350764,0.11329590826203377,332.051,333.033,332.6423489160712,0.15186639799699636,90448,10,90458,0.011,안정,1,1
142324,97.8272,102.097,100.01036688459352,0.6073927699499322,98.5263,101.297,99.94650818646959,0.48208371269013045,67.8084,70.0815,69.2835484479818,0.5824429667805245,0.44004,0.460427,0.45005061857662576,0.002662793440260548,848.342,875.5709999999999,858.9138910620878,4.7634899489456375,857.627,862.507,860.012650670912,0.6986089057972783,858.72,861.232,860.005081409892,0.41898925650570734,858.553,861.43,860.0014561682774,0.39365237577812917,268.924,297.194,283.22187389128953,9.112644885684652,268.291,290.026,279.1412380329733,6.59504045998643,331.777,332.261,332.0156765509391,0.09815969965240023,332.237,332.75,332.4928005122368,0.10477539249262273,18127,1,18128,0.006,안정,1,1
143068,98.228,101.842,99.99415211756374,0.4927369913272206,98.2693,101.285,99.99987432542493,0.43257964439110075,68.0073,70.195,69.07687556126062,0.453126903808856,0.434523,0.467711,0.45010352986898017,0.0030131097249987793,844.044,875.183,859.0381331444759,5.170105786337267,857.035,862.157,860.0020738340593,0.6932746690798783,858.898,861.222,860.0013875017708,0.35819572889460455,858.854,861.291,859.997735392025,0.2950135993659988,270.023,297.392,284.4446501274968,9.246340795771491,269.223,289.826,279.97430181663657,6.702492074871037,331.547,332.223,331.945926019053,0.10934942297284843,332.18,332.875,332.6289578596976,0.12464782854915439,59854,5,59859,0.008,안정,1,1
143256,98.7368,101.863,100.00210456530176,0.33602263993839954,98.3576,101.313,100.02422825190433,0.2857707721290681,68.157,70.0906,69.30670774427519,0.4158026920427476,0.434824,0.463468,0.4501593197034384,0.003021161871956337,841.41,875.646,859.0527433164019,4.195502886491322,856.71,862.046,860.0056372744033,0.6200090656067121,859.209,861.745,860.0143837489488,0.35415773726526717,858.957,861.332,860.0119496312112,0.2794278626777511,269.282,297.204,283.96487896440357,9.241242170426974,268.14,289.814,279.60911760139726,6.7142659707865375,331.613,332.203,331.9992423705788,0.09668286931632417,332.244,332.841,332.63625629730257,0.0954983505349212,47258,5,47263,0.011,안정,1,1
143370,98.2722,101.672,99.99597471127473,0.4258965991892095,98.487,101.34,99.99344246066119,0.39511688896212804,68.3194,71.1198,69.93571679056005,0.6974869357535167,0.423139,0.489762,0.4499523718605658,0.006038240206538778,841.976,874.862,858.233950158799,5.350982066756218,856.703,861.883,859.9826069727155,0.7199474258573844,859.089,861.474,859.997434144053,0.3888441129129849,858.97,861.148,859.9987037745381,0.3070409345133178,270.515,297.51,284.7201839997113,9.219414041077544,270.442,290.44,280.80001576934177,6.678565987913298,331.667,332.27,332.05263894904,0.09481540764139924,332.158,332.696,332.48319111383813,0.09233270074068849,30189,6,30195,0.02,안정,1,1
143758,98.227,101.874,100.02473881006298,0.4557509657430071,98.1716,101.297,100.016527769522,0.37598248872869816,67.6971,69.947,69.06015494834053,0.37757000050897493,0.400208,0.487341,0.4496859996461805,0.006044089622004465,849.075,875.2,859.5515764426989,3.70913097385993,858.149,862.263,860.0042226055266,0.5570232256398802,858.649,860.913,859.9889924103035,0.33032173402822324,858.721,861.193,860.0011136862219,0.32813304278864197,270.145,297.402,284.3261752352983,9.223052996581682,269.219,290.25,280.08583024909774,6.704651603527995,331.486,332.568,332.1174708629657,0.20609434597038107,331.279,332.546,332.06332491242966,0.26478798867110537,60349,17,60366,0.028,안정,1,1
143893,98.4274,101.187,100.01447279175589,0.5420459627781453,99.1054,100.869,100.09291375133833,0.3490742094506917,65.7742,69.0698,67.6786013916767,0.7903641923853983,0.442107,0.459548,0.45025956248327537,0.0024394475725656004,848.953,875.482,857.8842154803318,5.283823983254287,857.592,862.666,860.0051108509499,0.9008486629004844,858.445,861.178,860.0041875167246,0.5288927605673122,858.583,861.134,860.0078296762109,0.446075709376291,270.006,296.467,283.72036974846134,9.207661904382162,270.413,289.356,279.74243938988496,6.599277010437428,331.858,332.307,332.0969698956382,0.08746073709654158,331.785,332.279,332.10530739898314,0.08818342326207436,15250,2,15252,0.013,안정,1,1
143950,98.2427,101.675,100.08845338950347,0.6544548882868395,98.6817,101.257,100.07464285438643,0.5043477314758982,67.5709,69.2412,68.40378949060973,0.3972392233189788,0.439574,0.464805,0.4500545706843324,0.002846321836188598,849.495,873.293,860.1378058202421,4.227156818929098,858.497,862.559,860.0179408131754,0.6665348726742985,858.783,860.971,859.9840745433497,0.4000647493670409,858.802,860.66,859.9639010034736,0.33561380537774027,270.022,296.848,284.38049864934396,9.134713028831182,269.098,289.747,279.50969587032034,6.827595676886556,331.427,332.253,331.84502386773033,0.213344543854055,331.286,332.015,331.6695479284611,0.20107718968354468,14799,3,14802,0.02,안정,1,1
144060,98.1991,101.672,99.99891357453356,0.4629235034732099,98.358,101.325,100.0388943139266,0.4319827074397999,65.9561,69.6156,68.25380044246924,0.7925759683920852,0.436965,0.466278,0.4501171253907013,0.0023575334616602922,846.261,877.228,859.4083930920517,5.737269978375473,857.622,862.135,859.9847283872228,0.7029187528575777,858.625,861.184,860.0048595441596,0.39517678017527874,858.515,861.42,860.0085973821733,0.36005523053662336,269.996,297.175,284.2431266972746,9.211418843878832,269.16,290.082,280.1839051816761,6.765097455145406,331.718,332.508,332.1596187359578,0.12323977640257201,331.531,332.309,332.0255143596757,0.14168645091425666,45361,9,45370,0.02,안정,1,1
144308,99.1079,101.385,100.09175639567538,0.4330757280962384,98.7362,101.055,100.06407417158103,0.3231784568199131,67.3705,69.7235,69.00050948602724,0.4925576831012488,0.428668,0.470714,0.4501379121033418,0.003622733506044501,843.202,872.279,858.8813788963774,5.733956970894263,857.414,861.64,859.9891303889904,0.7662846443295303,859.112,861.262,859.9888323504633,0.3901704452973227,859.11,861.036,859.9942797669194,0.2913194204797874,270.139,297.182,283.48373016430276,9.38218661468187,269.817,290.177,279.50555392501053,6.873201042581278,331.62,332.341,332.0595061086926,0.1419639528270465,331.656,332.35,332.0585483078219,0.15751993782365062,15050,1,15051,0.007,안정,1,1
144358,98.2142,101.902,99.97820798007724,0.49077754040885824,98.0578,101.361,99.9856890841671,0.48170507347437785,67.131,69.3312,68.35345794497104,0.4233804267927339,0.434199,0.469584,0.4501667526037096,0.002918891027439294,847.075,875.593,859.2865448262244,4.446874940051417,857.556,862.169,859.9997543443917,0.6102458433697707,858.575,861.118,859.9968108068574,0.35651307892178397,858.864,861.191,860.0059987712831,0.3215458514147949,269.871,297.24,284.2670078111287,9.307768159781011,268.71,290.0115,279.9787390219999,6.730450652406173,331.638,332.42,332.12007280147446,0.12352253902423829,331.64,332.391,332.0903868702826,0.1197122462079621,45553,10,45563,0.022,안정,1,1
144607,98.8408,101.63,100.0554529913932,0.4431671587048576,98.8409,101.178,100.0260380319149,0.2942900792148815,66.9102,69.5159,68.83021508536244,0.399882514877101,0.312788,0.460475,0.44713844710327455,0.017562504919018285,851.9065,875.707,860.1685338301147,3.6326776519172967,858.492,861.903,860.0239880685795,0.45655821415494463,858.976,860.836,860.0034124912526,0.313582006622278,858.781,860.972,860.0062851444966,0.29748681578492336,269.895,296.874,283.5823301959412,9.178871432468926,269.065,289.93,279.31395073477955,6.708701489816049,331.488,332.563,332.0731756822953,0.2480234842303472,331.251,332.314,331.9461922323303,0.29469756479204856,29962,5,29967,0.017,안정,1,1
144771,97.8878,102.031,100.01366451612904,0.6362234484986526,98.6889,101.318,100.13108371395947,0.45373781212534814,65.0856,68.5176,67.2805775906366,0.8626851173718559,0.43918,0.459956,0.45004942913217244,0.002680991432534319,851.393,874.701,859.4743777476449,4.636195490168805,857.771,862.329,860.0097412218099,0.6858233789497742,858.85,861.045,859.9950899942905,0.38100609327567597,858.932,861.329,860.0169536825578,0.36404756784198306,270.315,296.985,285.20686568655435,8.923070989548657,269.449,289.517,280.7205015700828,6.62508802591358,331.744,332.36,332.05152355124176,0.11086462838256836,331.582,332.152,331.8688656865544,0.12032820013388333,14995,2,14997,0.013,안정,1,1
145251,98.0904,101.604,100.00007906031031,0.5488083390213674,98.2993,101.233,100.10490178928929,0.43258205661261995,68.9366,70.8239,69.89927679889875,0.33635670650900934,0.436016,0.476928,0.45018764964964963,0.0039050701567943124,846.665,873.202,859.1372292917918,4.822198842523692,858.258,861.733,859.9811193068067,0.5902611980647801,859.119,860.882,859.9618928303303,0.33546491355884456,858.786,861.281,859.9477353272432,0.3859008133728774,270.34,297.529,284.66507319819823,9.303051634340148,270.02,290.644,280.64254542042045,6.900000027417847,331.872,332.533,332.20651632882885,0.11583725061310517,331.906,332.462,332.2036439119009,0.12278541091719228,17655,5,17660,0.028,안정,1,1
146705,99.0704,101.584,100.07776502426279,0.3940765842285624,98.7721,101.244,100.1071406420306,0.29159926486583093,67.9138,71.1085,69.61422002836667,0.8121414041291574,0.435349,0.463379,0.4500082922514183,0.0022209856425889993,854.039,870.338,859.8892676545237,2.226626549675247,859.004,861.75,860.0227103239772,0.3442442311503022,859.208,860.58,860.0067211854285,0.2620971282526307,858.721,860.877,860.0070629292326,0.30370049604674476,270.425,297.697,285.0071498208421,9.239151586778478,270.313,290.538,280.6467336145118,6.650701224110895,331.576,332.571,332.1232153627949,0.22598499104203623,331.356,332.482,332.09365844281876,0.3299121152730806,29925,23,29948,0.077,위험,0,1
146721,98.8187,101.569,100.03888674685167,0.4120394799496566,99.4104,101.396,100.0791150995325,0.31208915748296623,66.7276,71.2193,69.22119506484694,1.112231229181224,0.432938,0.471205,0.4502663744250923,0.00397844796586962,851.408,870.39,858.9051574304456,3.1595773878684192,858.592,861.834,859.9959901968177,0.4865412722417288,859.035,860.625,859.9835669632757,0.2846963177292217,858.285,861.063,859.9970367186911,0.47205701340444517,270.205,298.165,284.85802944725134,9.52518478015899,269.674,291.036,280.57189284367695,6.83739206971672,331.872,332.509,332.2427063192821,0.12420850971127231,331.706,332.475,332.17442304501924,0.16328232778959648,30074,20,30094,0.066,위험,0,1
146731,98.7678,101.385,100.00272004961411,0.4427584409193685,98.7504,101.413,100.01125599228224,0.4969980923366296,68.765,71.0337,69.9922768246968,0.5123881897186459,0.432909,0.466305,0.45003522276736496,0.0034164615146579334,854.3,871.234,860.2372212789415,2.465697153794215,858.909,861.875,860.0483289966924,0.39370389900530905,859.003,860.63,859.9786556780595,0.2880548361315052,858.364,860.833,860.0004272877619,0.3630082415560186,270.424,297.477,284.08860992282246,9.134354517092312,270.18,290.177,280.1891176957001,6.3696331613238515,331.587,332.454,332.01947138919513,0.25019276399552876,331.33,332.331,331.8528336273429,0.3233919218088535,15422,1,15423,0.006,안정,1,1
146767,98.2834,101.805,99.99586784088905,0.2554537796091279,98.6392,101.657,100.05031286659907,0.26208707324545116,66.1326,71.23,68.0242446704036,1.247859450582573,0.434125,0.468132,0.4500236398202723,0.0026951072140364127,851.544,870.033,859.865589678592,1.4386339680244666,858.183,862.197,859.9971447934802,0.29455550474811815,859.087,860.926,860.0064544106675,0.21641044751532237,858.807,861.521,860.0026277444041,0.214685846432571,270.236,298.009,284.78126374088885,9.4126962779158,269.459,290.802,279.8735338977214,6.809159817317611,331.439,332.646,331.866685270035,0.272497404231237,331.111,332.554,331.6508857141946,0.4316625924358425,29310,4,29314,0.014,안정,1,1
147004,98.8948,101.985,100.04038686816816,0.41843929241594163,99.3218,101.56,100.1395760692539,0.33449182153112095,65.7475,71.148,69.2428189214967,1.4350642842797596,0.429652,0.47201,0.45005763722397474,0.003133305305357122,853.251,870.509,859.5829193749541,2.3441527102574002,858.339,861.778,859.9791799104851,0.4370584085167818,858.974,860.903,860.0157715899919,0.30741551381342447,858.726,861.261,860.0057903367818,0.36035127271098316,270.342,298.042,285.07475867507884,9.47596443892811,270.623,290.621,280.7901190755686,6.699375789445663,331.841,332.626,332.27792333651234,0.12180843025924003,331.779,332.586,332.2615676032573,0.18419602164893617,30127,12,30139,0.04,위험,0,1
147008,98.5273,101.386,99.99984700032834,0.26837375898478283,98.7148,101.454,100.18156501485304,0.26925550092526396,65.7903,70.8418,67.55683432149726,1.266463400339615,0.432105,0.468704,0.4500379303001876,0.0026694383689613555,851.803,868.061,859.7256258169423,1.5108639340499557,858.422,861.676,859.9972515596417,0.2996402815978358,858.769,861.054,860.000885784421,0.2161458628636636,858.702,860.974,859.9980026189471,0.22775651079982023,269.953,297.385,284.24435096469557,9.294006287492563,269.045,290.177,279.21536627943334,6.6677720804381595,331.269,332.486,331.824937552769,0.29398799691431865,331.006,332.394,331.666411468105,0.3753622640818587,45549,8,45557,0.018,안정,1,1
147292,98.7215,101.473,100.01925967942037,0.3813828437715896,99.2902,101.395,100.07948704282666,0.273450876623482,68.3893,71.2197,69.63990252344796,0.7646892945607545,0.429014,0.471479,0.4502138554910426,0.003844107683577198,852.46,868.671,859.4466191244354,2.2616891377436663,858.892,861.591,859.9976936876582,0.38953799886242757,859.183,860.565,859.9961620018859,0.219931391726425,858.773,861.173,859.9947919831224,0.3282280028432015,270.168,297.507,284.62974084003577,9.223762234062537,269.293,290.014,280.4195144183046,6.696553722207261,331.784,332.536,332.18415143169074,0.110639129181801,331.751,332.463,332.21010575300306,0.1291913023422275,43765,12,43777,0.027,안정,1,1
147546,99.2068,101.686,100.02420829867265,0.3145585662009705,98.9839,101.474,100.00533079816282,0.25992344017485947,68.8513,71.0015,70.12839574337275,0.49934533957639193,0.438643,0.464817,0.4501026001530987,0.002625983554868,855.453,871.661,859.8494045242487,1.881972796022531,859.298,861.937,860.0082531375457,0.3001973492351388,858.966,860.616,859.9881726339012,0.2063719855650006,858.952,860.595,859.9986608195595,0.2063628961732213,270.076,297.557,284.23652940431845,9.317693323080384,269.541,289.922,279.98762540687164,6.612388977395884,331.552,332.559,332.1557668993454,0.17301858883007634,331.272,332.432,332.162464682267,0.260721986867862,59957,16,59973,0.027,안정,1,1
147982,99.0187,101.563,100.02848738010562,0.3479584032662943,99.2704,101.474,100.02617849329094,0.3232944070039841,66.7067,71.1505,69.69584037881236,1.1398304437956723,0.434892,0.472634,0.45010392407587024,0.003240961682202745,851.901,869.412,859.4943192326346,2.4842288007330553,858.53,862.369,860.0186165059007,0.4679781454883788,858.834,860.777,860.000664268779,0.2913175813979302,858.99,861.062,860.0023953225198,0.3131577428422182,269.956,297.035,284.19084807091286,9.223516236405649,269.751,289.371,279.97780169208386,6.538110888958666,331.854,332.483,332.2092811068599,0.09623145136574118,331.655,332.335,332.1257045050385,0.11801981282031947,40981,12,40993,0.029,위험,0,1
147996,98.4302,101.291,99.99073191337311,0.3818926559394724,98.5907,101.1,100.00236847812577,0.37805970254768845,67.7328,71.299,69.46069412440964,1.0199853569717068,0.393282,0.468704,0.44947059284116336,0.006010449251874505,851.578,867.564,859.4064223837933,2.331406856491039,857.921,861.335,859.9981168262059,0.4519225665584184,859.083,861.28,860.001996705619,0.3240253481828917,858.817,861.338,859.9918210601542,0.3430282014567946,270.274,297.564,284.78155525170916,9.271321001267497,269.492,290.443,280.5111532438479,6.78369689902249,331.614,332.499,332.15065451777275,0.1585429098665908,331.343,332.428,332.08861757394976,0.23781802849240663,30239,9,30248,0.03,위험,0,1
148069,98.2467,102.148,100.03352578337082,0.41836987747736903,98.8823,101.843,100.24907490886527,0.383406632109015,66.8889,71.3291,69.57196605460116,1.1093597556026147,0.41849,0.471144,0.4499952425446931,0.0036275280752730774,850.961,871.472,859.7048291387133,2.717223749848582,857.78,862.016,859.9986924300008,0.49874991221422416,859.028,861.512,860.006895916547,0.3378005586293589,858.713,861.211,860.0044226040415,0.3398148601213543,270.649,297.997,284.42308501066515,9.27658592879543,270.976,290.486,280.554437737532,6.438315029292711,331.672,332.548,332.1647421044463,0.13546855795022705,331.814,332.677,332.31903178574197,0.19686967636923314,58778,0,58778,0.0,안정,1,1
